
Linux 5.2.8200225+ (knl03.kisti.re.kr) 	2020년 04월 07일 	_x86_64_	(272 CPU)

                CPU     %user     %nice   %system   %iowait    %steal     %idle
                all      0.03      0.00      0.10      0.00      0.00     99.87
                all      0.02      0.00      0.08      0.15      0.00     99.75
                all      0.01      0.00      0.07      0.37      0.00     99.54
                all      0.01      0.00      0.07      0.36      0.00     99.55
                all      0.01      0.00      0.08      0.35      0.00     99.55
                all      0.02      0.00      0.14      0.25      0.00     99.59
                all      0.02      0.00      0.11      0.07      0.00     99.80
                all      0.03      0.00      0.13      0.00      0.00     99.83
                all      0.31      0.00      0.23      0.00      0.00     99.45
                all      0.44      0.00      0.19      0.00      0.00     99.36
                all      0.01      0.00      0.08      0.00      0.00     99.91
                all      0.02      0.00      0.07      0.00      0.00     99.92
start----
                all      0.09      0.00      0.86      0.02      0.00     99.03
                all      0.04      0.00      3.00      0.00      0.00     96.96
                all      0.05      0.00      0.27      0.09      0.00     99.59
                all      0.01      0.00      0.08      0.00      0.00     99.90
                all      0.02      0.00      0.07      0.00      0.00     99.92
                all      0.01      0.00      0.08      0.08      0.00     99.82
                all      0.07      0.00      0.91      0.01      0.00     99.00
                all      0.05      0.00      2.98      0.00      0.00     96.97
                all      0.04      0.00      0.15      0.00      0.00     99.81
end------
                all      0.09      0.00      0.42      0.00      0.00     99.49
                all      0.11      0.00      0.46      0.00      0.00     99.42
                all      0.12      0.00      0.45      0.00      0.00     99.43
start----
                all      0.11      0.00      1.45      0.02      0.00     98.42
                all      0.21      0.00      2.71      0.00      0.00     97.08
                all      0.02      0.00      0.06      0.01      0.00     99.92
end------
                all      0.11      0.00      0.41      0.00      0.00     99.49
                all      0.11      0.00      0.46      0.00      0.00     99.43
                all      0.11      0.00      0.46      0.07      0.00     99.36
start----
                all      0.10      0.00      1.58      0.02      0.00     98.30
                all      0.03      0.00      3.01      0.00      0.00     96.96
                all      0.19      0.00      2.85      0.00      0.00     96.96
                all      0.05      0.00      0.68      0.00      0.00     99.27
end------
                all      0.04      0.00      0.23      0.00      0.00     99.72
                all      0.11      0.00      0.46      0.00      0.00     99.42
                all      0.12      0.00      0.45      0.00      0.00     99.42
start----
                all      0.13      0.00      0.52      0.02      0.00     99.33
                all      0.04      0.00      3.00      0.00      0.00     96.96
                all      0.41      0.00      2.62      0.00      0.00     96.97
                all      0.06      0.00      2.14      0.00      0.00     97.80
end------
                all      0.02      0.00      0.10      0.00      0.00     99.88
                all      0.13      0.00      0.44      0.00      0.00     99.43
                all      0.11      0.00      0.47      0.08      0.00     99.35
start----
                all      0.10      0.00      0.46      0.00      0.00     99.44
                all      0.09      0.00      2.29      0.02      0.00     97.60
                all      0.05      0.00      2.98      0.00      0.00     96.97
                all      0.06      0.00      2.58      0.00      0.00     97.36
                all      0.02      0.00      0.07      0.01      0.00     99.90
end------
                all      0.07      0.00      0.36      0.00      0.00     99.57
                all      0.11      0.00      0.46      0.00      0.00     99.43
                all      0.11      0.00      0.47      0.07      0.00     99.35
start----
                all      0.11      0.00      1.37      0.02      0.00     98.50
                all      0.03      0.00      3.00      0.00      0.00     96.97
                all      0.04      0.00      3.26      0.00      0.00     96.70
                all      0.03      0.00      3.59      0.00      0.00     96.38
                all      0.15      0.00      3.15      0.00      0.00     96.70
                all      0.10      0.00      2.66      0.00      0.00     97.23
end------
                all      0.00      0.00      0.04      0.00      0.00     99.96
                all      0.13      0.00      0.51      0.01      0.00     99.35
                all      0.12      0.00      0.45      0.00      0.00     99.43
                all      0.11      0.00      0.45      0.00      0.00     99.44
start----
                all      0.10      0.00      1.83      0.01      0.00     98.06
                all      0.03      0.00      3.01      0.00      0.00     96.96
                all      0.03      0.00      3.35      0.00      0.00     96.62
                all      0.06      0.00      3.45      0.00      0.00     96.49
                all      0.02      0.00      3.01      0.00      0.00     96.97
                all      0.08      0.00      1.88      0.00      0.00     98.04
end------
                all      0.03      0.00      0.15      0.00      0.00     99.81
                all      0.11      0.00      0.46      0.00      0.00     99.42
                all      0.11      0.00      0.47      0.00      0.00     99.42
start----
                all      0.11      0.00      0.45      0.00      0.00     99.44
                all      0.08      0.00      2.40      0.02      0.00     97.51
                all      0.03      0.00      3.01      0.00      0.00     96.96
                all      0.03      0.00      3.49      0.00      0.00     96.48
                all      0.06      0.00      3.36      0.00      0.00     96.58
                all      0.01      0.00      3.02      0.00      0.00     96.97
                all      0.10      0.00      1.32      0.00      0.00     98.57
end------
                all      0.04      0.00      0.14      0.00      0.00     99.82
                all      0.12      0.00      0.45      0.00      0.00     99.44
                all      0.11      0.00      0.46      0.00      0.00     99.43
start----
                all      0.11      0.00      0.44      0.00      0.00     99.45
                all      0.07      0.00      2.44      0.01      0.00     97.48
                all      0.03      0.00      3.01      0.00      0.00     96.96
                all      0.03      0.00      3.45      0.00      0.00     96.52
                all      0.03      0.00      3.50      0.00      0.00     96.47
                all      0.03      0.00      3.52      0.00      0.00     96.45
                all      0.04      0.00      3.54      0.00      0.00     96.42
                all      0.03      0.00      3.25      0.27      0.00     96.45
                all      0.40      0.00      2.25      0.65      0.00     96.71
                all      0.01      0.00      3.01      0.00      0.00     96.97
                all      0.02      0.00      3.02      0.00      0.00     96.97
                all      0.01      0.00      3.02      0.00      0.00     96.97
                all      0.10      0.00      0.35      0.00      0.00     99.55
end------
                all      0.07      0.00      0.29      0.00      0.00     99.64
                all      0.12      0.00      0.45      0.00      0.00     99.43
                all      0.12      0.00      0.45      0.00      0.00     99.42
start----
                all      0.13      0.00      0.66      0.01      0.00     99.20
                all      0.03      0.00      3.01      0.00      0.00     96.96
                all      0.03      0.00      3.06      0.00      0.00     96.91
                all      0.03      0.00      3.56      0.00      0.00     96.41
                all      0.03      0.00      3.58      0.00      0.00     96.38
                all      0.03      0.00      3.62      0.00      0.00     96.35
                all      0.03      0.00      3.62      0.00      0.00     96.35
                all      0.03      0.00      2.30      1.15      0.00     96.53
                all      0.28      0.00      2.52      0.56      0.00     96.64
                all      0.01      0.00      3.02      0.00      0.00     96.96
                all      0.02      0.00      3.03      0.00      0.00     96.95
                all      0.19      0.00      2.85      0.00      0.00     96.97
                all      0.23      0.00      0.15      0.00      0.00     99.62
end------
                all      0.06      0.00      0.27      0.00      0.00     99.67
                all      0.12      0.00      0.46      0.00      0.00     99.42
                all      0.11      0.00      0.45      0.08      0.00     99.35
start----
                all      0.14      0.00      0.72      0.02      0.00     99.12
                all      0.05      0.00      3.00      0.00      0.00     96.95
                all      0.03      0.00      3.08      0.00      0.00     96.90
                all      0.03      0.00      3.60      0.00      0.00     96.38
                all      0.03      0.00      3.54      0.00      0.00     96.42
                all      0.03      0.00      3.53      0.00      0.00     96.44
                all      0.05      0.00      3.62      0.00      0.00     96.33
                all      0.04      0.00      2.65      0.93      0.00     96.38
                all      0.44      0.00      2.69      0.13      0.00     96.73
                all      0.01      0.00      3.02      0.00      0.00     96.97
                all      0.01      0.00      3.02      0.00      0.00     96.97
                all      0.26      0.00      2.47      0.00      0.00     97.27
                all      0.02      0.00      0.08      0.00      0.00     99.90
end------
                all      0.08      0.00      0.33      0.00      0.00     99.59
                all      0.13      0.00      0.46      0.00      0.00     99.41
                all      0.12      0.00      0.45      0.00      0.00     99.44
start----
                all      0.15      0.00      2.09      0.03      0.00     97.74
                all      0.07      0.00      5.30      0.00      0.00     94.62
                all      0.01      0.00      0.05      0.00      0.00     99.94
end------
                all      0.10      0.00      0.42      0.00      0.00     99.48
                all      0.12      0.00      0.45      0.03      0.00     99.40
                all      0.11      0.00      0.45      0.05      0.00     99.39
start----
                all      0.13      0.00      3.23      0.02      0.00     96.62
                all      0.07      0.00      4.09      0.00      0.00     95.84
end------
                all      0.02      0.00      0.09      0.00      0.00     99.89
                all      0.11      0.00      0.45      0.00      0.00     99.44
                all      0.11      0.00      0.45      0.07      0.00     99.36
start----
                all      0.12      0.00      0.44      0.00      0.00     99.44
                all      0.18      0.00      4.42      0.01      0.00     95.38
                all      0.05      0.00      2.88      0.00      0.00     97.06
end------
                all      0.03      0.00      0.18      0.00      0.00     99.79
                all      0.12      0.00      0.44      0.00      0.00     99.44
                all      0.12      0.00      0.45      0.07      0.00     99.36
start----
                all      0.10      0.00      0.41      0.01      0.00     99.48
                all      0.12      0.00      5.62      0.01      0.00     94.24
                all      0.04      0.00      5.94      0.00      0.00     94.01
                all      0.07      0.00      2.52      0.00      0.00     97.41
end------
                all      0.03      0.00      0.16      0.00      0.00     99.81
                all      0.11      0.00      0.45      0.00      0.00     99.43
                all      0.11      0.00      0.46      0.00      0.00     99.43
start----
                all      0.12      0.00      0.41      0.00      0.00     99.46
                all      0.12      0.00      4.77      0.01      0.00     95.10
                all      0.05      0.00      5.94      0.00      0.00     94.01
                all      0.07      0.00      3.44      0.00      0.00     96.49
end------
                all      0.03      0.00      0.14      0.00      0.00     99.83
                all      0.11      0.00      0.45      0.00      0.00     99.43
                all      0.11      0.00      0.46      0.00      0.00     99.43
start----
                all      0.11      0.00      0.41      0.00      0.00     99.48
                all      0.11      0.00      5.13      0.03      0.00     94.74
                all      0.05      0.00      5.95      0.00      0.00     94.00
                all      0.07      0.00      3.06      0.00      0.00     96.87
end------
                all      0.02      0.00      0.11      0.00      0.00     99.86
                all      0.11      0.00      0.45      0.00      0.00     99.43
                all      0.11      0.00      0.45      0.00      0.00     99.44
                all      0.11      0.00      0.47      0.00      0.00     99.42
start----
                all      0.13      0.00      4.31      0.02      0.00     95.54
                all      0.03      0.00      6.01      0.00      0.00     93.96
                all      0.03      0.00      6.51      0.00      0.00     93.46
                all      0.21      0.00      5.91      0.00      0.00     93.88
                all      0.05      0.00      5.93      0.00      0.00     94.02
                all      0.19      0.00      0.26      0.00      0.00     99.55
end------
                all      0.09      0.00      0.38      0.00      0.00     99.52
                all      0.11      0.00      0.45      0.00      0.00     99.43
                all      0.11      0.00      0.46      0.00      0.00     99.42
start----
                all      0.17      0.00      2.35      0.02      0.00     97.46
                all      0.04      0.00      5.95      0.00      0.00     94.01
                all      0.03      0.00      6.35      0.00      0.00     93.62
                all      0.11      0.00      6.27      0.00      0.00     93.61
                all      0.01      0.00      5.97      0.00      0.00     94.02
                all      0.20      0.00      2.13      0.00      0.00     97.67
end------
                all      0.04      0.00      0.16      0.00      0.00     99.80
                all      0.11      0.00      0.45      0.00      0.00     99.43
                all      0.11      0.00      0.46      0.00      0.00     99.43
start----
                all      0.11      0.00      0.42      0.00      0.00     99.47
                all      0.15      0.00      5.03      0.01      0.00     94.81
                all      0.03      0.00      6.04      0.00      0.00     93.93
                all      0.08      0.00      6.39      0.00      0.00     93.52
                all      0.01      0.00      6.02      0.00      0.00     93.96
                all      0.15      0.00      5.13      0.00      0.00     94.71
end------
                all      0.01      0.00      0.04      0.00      0.00     99.96
                all      0.11      0.00      0.45      0.00      0.00     99.43
                all      0.11      0.00      0.46      0.00      0.00     99.43
                all      0.11      0.00      0.45      0.00      0.00     99.44
start----
                all      0.17      0.00      3.38      0.03      0.00     96.43
                all      0.04      0.00      5.97      0.00      0.00     94.00
                all      0.04      0.00      6.44      0.00      0.00     93.53
                all      0.04      0.00      6.55      0.00      0.00     93.41
                all      0.03      0.00      6.56      0.00      0.00     93.41
                all      0.03      0.00      4.73      1.77      0.00     93.47
                all      0.89      0.00      4.51      0.81      0.00     93.78
                all      0.01      0.00      5.96      0.00      0.00     94.02
                all      0.02      0.00      5.97      0.00      0.00     94.01
                all      0.02      0.00      5.97      0.00      0.00     94.01
                all      0.40      0.00      1.61      0.00      0.00     98.00
end------
                all      0.05      0.00      0.18      0.00      0.00     99.77
                all      0.12      0.00      0.45      0.00      0.00     99.43
                all      0.10      0.00      0.46      0.00      0.00     99.44
start----
                all      0.10      0.00      0.41      0.01      0.00     99.48
                all      0.15      0.00      5.46      0.01      0.00     94.38
                all      0.04      0.00      6.08      0.00      0.00     93.88
                all      0.04      0.00      6.55      0.00      0.00     93.42
                all      0.03      0.00      6.57      0.00      0.00     93.40
                all      0.04      0.00      6.56      0.00      0.00     93.40
                all      0.26      0.00      3.66      2.56      0.00     93.52
                all      0.02      0.00      6.04      0.00      0.00     93.95
                all      0.01      0.00      5.97      0.00      0.00     94.01
                all      0.01      0.00      5.97      0.00      0.00     94.02
                all      0.22      0.00      4.39      0.00      0.00     95.39
end------
                all      0.01      0.00      0.06      0.00      0.00     99.93
                all      0.11      0.00      0.45      0.00      0.00     99.44
                all      0.11      0.00      0.45      0.07      0.00     99.36
                all      0.12      0.00      0.45      0.00      0.00     99.43
start----
                all      0.14      0.00      3.97      0.03      0.00     95.87
                all      0.03      0.00      5.98      0.00      0.00     93.98
                all      0.04      0.00      6.51      0.00      0.00     93.46
                all      0.03      0.00      6.49      0.00      0.00     93.48
                all      0.04      0.00      6.48      0.00      0.00     93.48
                all      0.03      0.00      5.01      1.55      0.00     93.41
                all      0.30      0.00      5.68      0.17      0.00     93.85
                all      0.02      0.00      5.96      0.00      0.00     94.02
                all      0.01      0.00      5.97      0.00      0.00     94.01
                all      0.32      0.00      5.68      0.00      0.00     93.99
                all      0.04      0.00      0.12      0.00      0.00     99.83
end------
                all      0.08      0.00      0.33      0.00      0.00     99.58
                all      0.12      0.00      0.46      0.00      0.00     99.42
                all      0.11      0.00      0.45      0.00      0.00     99.43
start----
                all      0.29      0.00      2.58      0.03      0.00     97.10
                all      0.08      0.00     11.91      0.00      0.00     88.02
                all      0.06      0.00      0.55      0.00      0.00     99.39
end------
                all      0.08      0.00      0.38      0.00      0.00     99.54
                all      0.11      0.00      0.45      0.00      0.00     99.44
                all      0.13      0.00      0.45      0.08      0.00     99.35
start----
                all      0.30      0.00      4.24      0.01      0.00     95.45
                all      0.13      0.00     10.61      0.00      0.00     89.26
end------
                all      0.01      0.00      0.05      0.00      0.00     99.94
                all      0.11      0.00      0.43      0.00      0.00     99.46
                all      0.12      0.00      0.44      0.00      0.00     99.44
                all      0.11      0.00      0.45      0.00      0.00     99.44
start----
                all      0.30      0.00      6.03      0.02      0.00     93.65
                all      0.15      0.00      8.63      0.00      0.00     91.21
end------
                all      0.02      0.00      0.07      0.00      0.00     99.91
                all      0.11      0.00      0.45      0.00      0.00     99.44
                all      0.11      0.00      0.46      0.07      0.00     99.35
                all      0.11      0.00      0.45      0.00      0.00     99.44
start----
                all      0.26      0.00      8.10      0.02      0.00     91.62
                all      0.06      0.00     11.81      0.00      0.00     88.13
                all      0.08      0.00      8.52      0.00      0.00     91.41
                all      0.01      0.00      0.05      0.00      0.00     99.94
end------
                all      0.10      0.00      0.41      0.00      0.00     99.48
                all      0.12      0.00      0.45      0.00      0.00     99.43
                all      0.11      0.00      0.46      0.00      0.00     99.43
start----
                all      0.27      0.00      5.73      0.02      0.00     93.99
                all      0.08      0.00     11.79      0.00      0.00     88.13
                all      0.07      0.00     10.80      0.00      0.00     89.13
                all      0.02      0.00      0.08      0.01      0.00     99.89
end------
                all      0.08      0.00      0.33      0.00      0.00     99.59
                all      0.11      0.00      0.45      0.00      0.00     99.43
                all      0.11      0.00      0.45      0.07      0.00     99.36
start----
                all      0.32      0.00      3.56      0.03      0.00     96.10
                all      0.03      0.00     11.85      0.00      0.00     88.12
                all      0.09      0.00     11.78      0.00      0.00     88.13
                all      0.07      0.00      1.30      0.00      0.00     98.62
end------
                all      0.06      0.00      0.26      0.00      0.00     99.69
                all      0.12      0.00      0.45      0.00      0.00     99.43
                all      0.12      0.00      0.45      0.07      0.00     99.35
start----
                all      0.29      0.00      1.50      0.03      0.00     98.18
                all      0.03      0.00     11.85      0.00      0.00     88.12
                all      0.04      0.00     12.13      0.00      0.00     87.83
                all      0.20      0.00     12.08      0.00      0.00     87.72
                all      0.01      0.00     11.85      0.00      0.00     88.13
                all      0.19      0.00      7.26      0.00      0.00     92.54
end------
                all      0.03      0.00      0.15      0.00      0.00     99.82
                all      0.11      0.00      0.45      0.00      0.00     99.44
                all      0.12      0.00      0.45      0.00      0.00     99.43
start----
                all      0.11      0.00      0.44      0.00      0.00     99.45
                all      0.27      0.00      9.30      0.03      0.00     90.40
                all      0.04      0.00     11.93      0.00      0.00     88.03
                all      0.35      0.00     12.09      0.00      0.00     87.56
                all      0.02      0.00     11.89      0.00      0.00     88.09
                all      0.30      0.00     11.39      0.00      0.00     88.31
                all      0.02      0.00      0.08      0.00      0.00     99.90
end------
                all      0.08      0.00      0.29      0.00      0.00     99.63
                all      0.11      0.00      0.46      0.00      0.00     99.43
                all      0.12      0.00      0.45      0.00      0.00     99.42
start----
                all      0.28      0.00      2.56      0.02      0.00     97.14
                all      0.03      0.00     11.85      0.00      0.00     88.12
                all      0.03      0.00     12.18      0.00      0.00     87.79
                all      0.10      0.00     12.14      0.00      0.00     87.76
                all      0.04      0.00     11.95      0.00      0.00     88.01
                all      0.18      0.00      6.04      0.00      0.00     93.79
end------
                all      0.04      0.00      0.19      0.00      0.00     99.77
                all      0.11      0.00      0.45      0.00      0.00     99.44
                all      0.13      0.00      0.44      0.00      0.00     99.43
start----
                all      0.10      0.00      0.41      0.00      0.00     99.48
                all      0.25      0.00     10.30      0.02      0.00     89.43
                all      0.04      0.00     12.00      0.00      0.00     87.96
                all      0.04      0.00     12.43      0.00      0.00     87.53
                all      0.03      0.00     12.43      0.00      0.00     87.54
                all      0.03      0.00     12.45      0.00      0.00     87.52
                all      1.26      0.00     11.06      0.00      0.00     87.68
                all      0.02      0.00     11.92      0.03      0.00     88.03
                all      0.08      0.00     11.87      0.00      0.00     88.04
                all      0.02      0.00     11.86      0.00      0.00     88.12
                all      0.45      0.00      7.64      0.00      0.00     91.91
end------
                all      0.01      0.00      0.05      0.01      0.00     99.94
                all      0.11      0.00      0.44      0.00      0.00     99.46
                all      0.12      0.00      0.45      0.03      0.00     99.40
                all      0.12      0.00      0.45      0.04      0.00     99.39
start----
                all      0.27      0.00      6.23      0.03      0.00     93.48
                all      0.03      0.00     11.85      0.00      0.00     88.12
                all      0.03      0.00     12.37      0.00      0.00     87.60
                all      0.03      0.00     12.45      0.00      0.00     87.53
                all      0.03      0.00     12.41      0.00      0.00     87.56
                all      0.67      0.00     11.84      0.00      0.00     87.50
                all      0.62      0.00     11.41      0.00      0.00     87.97
                all      0.02      0.00     11.86      0.00      0.00     88.12
                all      0.01      0.00     11.87      0.00      0.00     88.11
                all      0.24      0.00     11.64      0.00      0.00     88.12
                all      0.19      0.00      0.29      0.00      0.00     99.52
end------
                all      0.07      0.00      0.29      0.00      0.00     99.64
                all      0.11      0.00      0.45      0.00      0.00     99.44
                all      0.12      0.00      0.44      0.07      0.00     99.37
start----
                all      0.30      0.00      2.36      0.02      0.00     97.33
                all      0.03      0.00     11.85      0.00      0.00     88.12
                all      0.04      0.00     12.18      0.00      0.00     87.79
                all      0.03      0.00     12.42      0.00      0.00     87.54
                all      0.03      0.00     12.44      0.00      0.00     87.53
                all      0.03      0.00     12.45      0.00      0.00     87.52
                all      0.36      0.00     11.72      0.00      0.00     87.92
                all      0.02      0.00     11.86      0.00      0.00     88.12
                all      0.01      0.00     11.86      0.00      0.00     88.12
                all      0.02      0.00     11.86      0.00      0.00     88.12
                all      0.27      0.00      2.53      0.00      0.00     97.19
end------
                all      0.05      0.00      0.20      0.00      0.00     99.76
                all      0.13      0.00      0.45      0.00      0.00     99.42
                all      0.12      0.00      0.45      0.08      0.00     99.35
start----
                all      0.12      0.00      0.47      0.02      0.00     99.39
                all      0.70      0.00     21.28      0.03      0.00     78.00
                all      0.12      0.00      8.06      0.00      0.00     91.82
end------
                all      0.06      0.00      0.22      0.00      0.00     99.73
                all      0.10      0.00      0.46      0.00      0.00     99.44
                all      0.13      0.00      0.45      0.00      0.00     99.41
start----
                all      0.22      0.00      1.31      0.04      0.00     98.43
                all      0.57      0.00     22.33      0.01      0.00     77.09
                all      0.14      0.00      5.96      0.00      0.00     93.89
end------
                all      0.07      0.00      0.24      0.00      0.00     99.69
                all      0.11      0.00      0.44      0.00      0.00     99.44
                all      0.11      0.00      0.46      0.08      0.00     99.36
start----
                all      0.63      0.00      2.25      0.06      0.00     97.06
                all      0.17      0.00     23.42      0.00      0.00     76.41
                all      0.12      0.00      4.03      0.00      0.00     95.85
end------
                all      0.07      0.00      0.29      0.00      0.00     99.64
                all      0.12      0.00      0.44      0.00      0.00     99.44
                all      0.11      0.00      0.46      0.08      0.00     99.35
start----
                all      0.68      0.00      3.41      0.04      0.00     95.87
                all      0.04      0.00     23.63      0.00      0.00     76.33
                all      0.17      0.00     23.50      0.00      0.00     76.33
                all      0.15      0.00      6.09      0.00      0.00     93.76
end------
                all      0.04      0.00      0.16      0.00      0.00     99.80
                all      0.12      0.00      0.45      0.00      0.00     99.44
                all      0.12      0.00      0.45      0.00      0.00     99.43
start----
                all      0.11      0.00      0.41      0.01      0.00     99.48
                all      0.60      0.00     19.65      0.07      0.00     79.68
                all      0.15      0.00     23.51      0.00      0.00     76.34
                all      0.14      0.00     13.26      0.00      0.00     86.59
end------
                all      0.03      0.00      0.12      0.00      0.00     99.85
                all      0.12      0.00      0.45      0.00      0.00     99.44
                all      0.12      0.00      0.45      0.07      0.00     99.36
start----
                all      0.11      0.00      0.41      0.00      0.00     99.47
                all      0.59      0.00     18.37      0.08      0.00     80.97
                all      0.13      0.00     23.53      0.00      0.00     76.34
                all      0.15      0.00     14.50      0.00      0.00     85.34
end------
                all      0.01      0.00      0.05      0.00      0.00     99.94
                all      0.11      0.00      0.46      0.00      0.00     99.43
                all      0.12      0.00      0.46      0.00      0.00     99.42
                all      0.13      0.00      0.44      0.00      0.00     99.43
start----
                all      0.65      0.00     11.51      0.10      0.00     87.74
                all      0.03      0.00     23.65      0.00      0.00     76.32
                all      0.04      0.00     24.14      0.00      0.00     75.82
                all      0.34      0.00     23.51      0.00      0.00     76.15
                all      0.01      0.00     23.66      0.00      0.00     76.32
                all      0.27      0.00      5.47      0.00      0.00     94.26
end------
                all      0.07      0.00      0.28      0.00      0.00     99.65
                all      0.12      0.00      0.44      0.00      0.00     99.44
                all      0.11      0.00      0.46      0.08      0.00     99.35
start----
                all      0.65      0.00      2.37      0.06      0.00     96.92
                all      0.04      0.00     23.62      0.00      0.00     76.34
                all      0.04      0.00     23.90      0.00      0.00     76.06
                all      0.19      0.00     23.82      0.01      0.00     75.98
                all      0.01      0.00     23.65      0.00      0.00     76.33
                all      0.25      0.00     14.47      0.00      0.00     85.27
end------
                all      0.02      0.00      0.09      0.00      0.00     99.89
                all      0.13      0.00      0.44      0.00      0.00     99.43
                all      0.12      0.00      0.45      0.07      0.00     99.36
start----
                all      0.12      0.00      0.43      0.00      0.00     99.45
                all      0.63      0.00     16.83      0.04      0.00     82.50
                all      0.04      0.00     23.72      0.00      0.00     76.24
                all      0.06      0.00     24.20      0.00      0.00     75.73
                all      0.17      0.00     23.45      0.00      0.00     76.37
                all      0.23      0.00     23.23      0.00      0.00     76.54
                all      0.03      0.00      0.09      0.00      0.00     99.88
end------
                all      0.09      0.00      0.27      0.00      0.00     99.64
                all      0.12      0.00      0.44      0.00      0.00     99.44
                all      0.11      0.00      0.45      0.00      0.00     99.44
start----
                all      0.66      0.00      3.21      0.05      0.00     96.08
                all      0.04      0.00     23.64      0.00      0.00     76.32
                all      0.03      0.00     23.93      0.00      0.00     76.03
                all      0.04      0.00     24.20      0.00      0.00     75.76
                all      0.06      0.00     24.25      0.00      0.00     75.69
                all      0.04      0.00     24.21      0.00      0.00     75.75
                all      0.83      0.00     23.05      0.00      0.00     76.12
                all      0.02      0.00     23.66      0.00      0.00     76.32
                all      0.02      0.00     23.66      0.00      0.00     76.33
                all      0.02      0.00     23.65      0.00      0.00     76.33
                all      0.42      0.00      5.46      0.01      0.00     94.12
end------
                all      0.04      0.00      0.19      0.00      0.00     99.77
                all      0.12      0.00      0.45      0.00      0.00     99.43
                all      0.12      0.00      0.45      0.00      0.00     99.43
start----
                all      0.12      0.00      0.39      0.00      0.00     99.49
                all      0.58      0.00     20.61      0.04      0.00     78.77
                all      0.03      0.00     23.80      0.00      0.00     76.17
                all      0.04      0.00     24.16      0.00      0.00     75.80
                all      0.04      0.00     24.14      0.00      0.00     75.82
                all      0.04      0.00     24.13      0.00      0.00     75.83
                all      0.28      0.00     23.41      0.00      0.00     76.31
                all      0.02      0.00     23.67      0.00      0.00     76.31
                all      0.01      0.00     23.66      0.00      0.00     76.32
                all      0.02      0.00     23.66      0.00      0.00     76.33
                all      0.53      0.00     10.05      0.00      0.00     89.43
end------
                all      0.06      0.00      0.20      0.00      0.00     99.74
                all      0.12      0.00      0.45      0.00      0.00     99.44
                all      0.12      0.00      0.44      0.00      0.00     99.43
start----
                all      0.11      0.00      0.40      0.00      0.00     99.49
                all      0.63      0.00     20.93      0.06      0.00     78.38
                all      0.03      0.00     23.83      0.00      0.00     76.14
                all      0.03      0.00     24.21      0.00      0.00     75.76
                all      0.04      0.00     24.21      0.00      0.00     75.76
                all      0.03      0.00     24.20      0.00      0.00     75.77
                all      0.68      0.00     23.37      0.00      0.00     75.96
                all      0.02      0.00     23.66      0.00      0.00     76.32
                all      0.02      0.00     23.65      0.00      0.00     76.33
                all      0.01      0.00     23.65      0.00      0.00     76.33
                all      0.48      0.00     11.21      0.01      0.00     88.31
end------
                all      0.02      0.00      0.09      0.00      0.00     99.89
                all      0.13      0.00      0.45      0.00      0.00     99.42
                all      0.14      0.00      0.43      0.00      0.00     99.43
start----
                all      0.13      0.00      0.44      0.00      0.00     99.44
                all      2.00      0.00     25.31      0.05      0.00     72.64
                all      0.96      0.00     45.63      0.00      0.00     53.40
                all      0.03      0.00      1.21      0.00      0.00     98.76
end------
                all      0.09      0.00      0.32      0.00      0.00     99.60
                all      0.13      0.00      0.44      0.00      0.00     99.44
                all      0.13      0.00      0.44      0.00      0.00     99.43
start----
                all      1.65      0.00      8.03      0.06      0.00     90.27
                all      1.09      0.00     45.17      0.01      0.00     53.73
                all      0.46      0.00     18.58      0.00      0.00     80.96
end------
                all      0.04      0.00      0.20      0.00      0.00     99.75
                all      0.13      0.00      0.43      0.00      0.00     99.44
                all      0.13      0.00      0.44      0.00      0.00     99.43
start----
                all      0.11      0.00      0.39      0.01      0.00     99.48
                all      1.99      0.00     35.16      0.05      0.00     62.80
                all      0.98      0.00     36.70      0.00      0.00     62.32
end------
                all      0.01      0.00      0.03      0.00      0.00     99.96
                all      0.13      0.00      0.44      0.00      0.00     99.43
                all      0.13      0.00      0.45      0.00      0.00     99.42
                all      0.13      0.00      0.44      0.00      0.00     99.43
start----
                all      2.14      0.00     16.16      0.08      0.00     81.61
                all      0.04      0.00     47.24      0.00      0.00     52.72
                all      0.55      0.00     46.51      0.00      0.00     52.94
                all      0.53      0.00     23.67      0.01      0.00     75.79
end------
                all      0.03      0.00      0.12      0.00      0.00     99.85
                all      0.13      0.00      0.44      0.00      0.00     99.44
