
Linux 5.2.8200225+ (knl03.kisti.re.kr) 	2020년 04월 05일 	_x86_64_	(272 CPU)

                CPU     %user     %nice   %system   %iowait    %steal     %idle
                all      0.04      0.00      0.10      0.00      0.00     99.86
                all      0.02      0.00      0.09      0.15      0.00     99.74
                all      0.01      0.00      0.07      0.37      0.00     99.54
                all      0.01      0.00      0.08      0.37      0.00     99.53
                all      0.01      0.00      0.08      0.35      0.00     99.55
                all      0.02      0.00      0.14      0.24      0.00     99.59
                all      0.03      0.00      0.10      0.06      0.00     99.82
                all      0.03      0.00      0.13      0.00      0.00     99.84
                all      0.10      0.00      0.23      0.02      0.00     99.65
                all      0.01      0.00      0.08      0.00      0.00     99.90
                all      0.01      0.00      0.07      0.00      0.00     99.91
                all      0.01      0.00      0.07      0.00      0.00     99.91
start----
                all      0.07      0.00      1.12      0.02      0.00     98.79
                all      0.07      0.00      2.94      0.00      0.00     96.99
                all      0.02      0.00      0.06      0.00      0.00     99.92
end------
                all      0.09      0.00      0.39      0.00      0.00     99.53
                all      0.10      0.00      0.47      0.00      0.00     99.43
                all      0.11      0.00      0.46      0.00      0.00     99.43
start----
                all      0.10      0.00      1.52      0.02      0.00     98.35
                all      0.08      0.00      2.53      0.00      0.00     97.39
end------
                all      0.00      0.00      0.03      0.00      0.00     99.96
                all      0.10      0.00      0.46      0.00      0.00     99.43
                all      0.11      0.00      0.46      0.00      0.00     99.42
                all      0.11      0.00      0.48      0.00      0.00     99.41
start----
                all      0.08      0.00      1.94      0.01      0.00     97.96
                all      0.07      0.00      2.15      0.00      0.00     97.78
end------
                all      0.05      0.00      0.19      0.00      0.00     99.76
                all      0.12      0.00      0.45      0.00      0.00     99.43
                all      0.11      0.00      0.47      0.00      0.00     99.42
                all      0.12      0.00      0.45      0.00      0.00     99.42
start----
                all      0.08      0.00      2.27      0.02      0.00     97.63
                all      0.04      0.00      2.99      0.00      0.00     96.96
                all      0.07      0.00      2.65      0.00      0.00     97.28
                all      0.02      0.00      0.06      0.00      0.00     99.92
end------
                all      0.10      0.00      0.42      0.00      0.00     99.47
                all      0.12      0.00      0.46      0.00      0.00     99.42
                all      0.11      0.00      0.46      0.00      0.00     99.42
start----
                all      0.10      0.00      1.77      0.02      0.00     98.10
                all      0.04      0.00      3.00      0.00      0.00     96.96
                all      0.04      0.00      2.99      0.00      0.00     96.97
                all      0.05      0.00      0.30      0.01      0.00     99.64
end------
                all      0.06      0.00      0.26      0.00      0.00     99.68
                all      0.11      0.00      0.47      0.00      0.00     99.42
                all      0.12      0.00      0.47      0.07      0.00     99.34
start----
                all      0.13      0.00      0.75      0.02      0.00     99.10
                all      0.03      0.00      3.01      0.00      0.00     96.96
                all      0.05      0.00      2.99      0.00      0.00     96.96
                all      0.06      0.00      1.47      0.00      0.00     98.47
end------
                all      0.01      0.00      0.09      0.00      0.00     99.90
                all      0.13      0.00      0.46      0.00      0.00     99.42
                all      0.11      0.00      0.46      0.07      0.00     99.35
start----
                all      0.12      0.00      0.45      0.00      0.00     99.43
                all      0.08      0.00      2.35      0.02      0.00     97.54
                all      0.03      0.00      3.01      0.00      0.00     96.96
                all      0.04      0.00      3.44      0.00      0.00     96.53
                all      0.31      0.00      3.23      0.00      0.00     96.46
                all      0.02      0.00      3.02      0.00      0.00     96.96
                all      0.12      0.00      1.87      0.00      0.00     98.00
end------
                all      0.00      0.00      0.03      0.00      0.00     99.97
                all      0.11      0.00      0.46      0.00      0.00     99.43
                all      0.11      0.00      0.46      0.05      0.00     99.38
                all      0.11      0.00      0.46      0.03      0.00     99.41
start----
                all      0.10      0.00      1.93      0.02      0.00     97.96
                all      0.04      0.00      3.02      0.00      0.00     96.95
                all      0.03      0.00      3.39      0.00      0.00     96.58
                all      0.14      0.00      3.42      0.00      0.00     96.44
                all      0.01      0.00      3.02      0.00      0.00     96.97
                all      0.12      0.00      1.93      0.00      0.00     97.95
end------
                all      0.02      0.00      0.10      0.00      0.00     99.87
                all      0.11      0.00      0.46      0.00      0.00     99.42
                all      0.10      0.00      0.47      0.07      0.00     99.35
start----
                all      0.11      0.00      0.44      0.00      0.00     99.45
                all      0.09      0.00      2.39      0.01      0.00     97.50
                all      0.04      0.00      3.03      0.00      0.00     96.93
                all      0.03      0.00      3.46      0.00      0.00     96.51
                all      0.51      0.00      3.07      0.00      0.00     96.41
                all      0.01      0.00      3.05      0.00      0.00     96.94
                all      0.14      0.00      1.98      0.01      0.00     97.87
end------
                all      0.02      0.00      0.10      0.00      0.00     99.88
                all      0.11      0.00      0.45      0.00      0.00     99.43
                all      0.11      0.00      0.46      0.07      0.00     99.35
start----
                all      0.11      0.00      0.45      0.00      0.00     99.44
                all      0.08      0.00      2.32      0.01      0.00     97.58
                all      0.04      0.00      3.01      0.00      0.00     96.95
                all      0.03      0.00      3.45      0.00      0.00     96.52
                all      0.03      0.00      3.59      0.00      0.00     96.38
                all      0.06      0.00      3.61      0.00      0.00     96.33
                all      0.03      0.00      3.53      0.01      0.00     96.43
                all      0.03      0.00      3.25      0.24      0.00     96.48
                all      0.32      0.00      2.38      0.61      0.00     96.68
                all      0.01      0.00      3.02      0.00      0.00     96.97
                all      0.01      0.00      3.02      0.00      0.00     96.96
                all      0.01      0.00      3.02      0.00      0.00     96.97
                all      0.17      0.00      0.43      0.00      0.00     99.40
end------
                all      0.07      0.00      0.31      0.00      0.00     99.62
                all      0.11      0.00      0.45      0.00      0.00     99.43
                all      0.11      0.00      0.46      0.08      0.00     99.35
start----
                all      0.13      0.00      1.08      0.02      0.00     98.77
                all      0.03      0.00      3.00      0.00      0.00     96.97
                all      0.03      0.00      3.11      0.00      0.00     96.85
                all      0.03      0.00      3.60      0.00      0.00     96.38
                all      0.03      0.00      3.57      0.00      0.00     96.39
                all      0.03      0.00      3.50      0.00      0.00     96.47
                all      0.03      0.00      3.56      0.00      0.00     96.40
                all      0.20      0.00      2.42      0.86      0.00     96.53
                all      0.01      0.00      3.07      0.00      0.00     96.91
                all      0.01      0.00      3.02      0.00      0.00     96.96
                all      0.01      0.00      3.02      0.00      0.00     96.97
                all      0.10      0.00      1.72      0.01      0.00     98.17
end------
                all      0.01      0.00      0.05      0.00      0.00     99.94
                all      0.11      0.00      0.46      0.00      0.00     99.43
                all      0.11      0.00      0.45      0.07      0.00     99.37
                all      0.11      0.00      0.46      0.01      0.00     99.42
start----
                all      0.10      0.00      2.01      0.02      0.00     97.86
                all      0.03      0.00      3.00      0.00      0.00     96.96
                all      0.03      0.00      3.33      0.00      0.00     96.64
                all      0.03      0.00      3.50      0.00      0.00     96.47
                all      0.04      0.00      3.54      0.08      0.00     96.33
                all      0.02      0.00      3.57      0.01      0.00     96.39
                all      0.03      0.00      3.57      0.00      0.00     96.41
                all      0.94      0.00      1.94      0.66      0.00     96.47
                all      0.01      0.00      3.08      0.00      0.00     96.90
                all      0.01      0.00      3.02      0.00      0.00     96.97
                all      0.02      0.00      3.03      0.00      0.00     96.95
                all      0.23      0.00      1.45      0.00      0.00     98.32
end------
                all      0.01      0.00      0.06      0.00      0.00     99.93
                all      0.11      0.00      0.46      0.00      0.00     99.43
                all      0.11      0.00      0.46      0.00      0.00     99.43
                all      0.12      0.00      0.45      0.00      0.00     99.44
start----
                all      0.15      0.00      4.14      0.02      0.00     95.70
                all      0.07      0.00      3.13      0.00      0.00     96.79
end------
                all      0.04      0.00      0.15      0.00      0.00     99.81
                all      0.11      0.00      0.46      0.00      0.00     99.44
                all      0.11      0.00      0.46      0.07      0.00     99.35
start----
                all      0.10      0.00      0.41      0.01      0.00     99.48
                all      0.13      0.00      5.40      0.02      0.00     94.45
                all      0.05      0.00      1.78      0.00      0.00     98.17
end------
                all      0.06      0.00      0.30      0.00      0.00     99.64
                all      0.11      0.00      0.45      0.00      0.00     99.43
                all      0.11      0.00      0.45      0.00      0.00     99.44
start----
                all      0.16      0.00      1.11      0.02      0.00     98.70
                all      0.04      0.00      5.95      0.00      0.00     94.01
                all      0.05      0.00      0.51      0.00      0.00     99.43
end------
                all      0.08      0.00      0.36      0.00      0.00     99.56
                all      0.10      0.00      0.46      0.00      0.00     99.44
                all      0.11      0.00      0.45      0.07      0.00     99.36
start----
                all      0.17      0.00      2.36      0.03      0.00     97.44
                all      0.06      0.00      6.02      0.00      0.00     93.93
                all      0.05      0.00      5.93      0.00      0.00     94.02
                all      0.06      0.00      0.16      0.00      0.00     99.78
end------
                all      0.07      0.00      0.28      0.00      0.00     99.65
                all      0.12      0.00      0.45      0.00      0.00     99.43
                all      0.11      0.00      0.46      0.07      0.00     99.36
start----
                all      0.19      0.00      1.32      0.03      0.00     98.46
                all      0.03      0.00      5.95      0.00      0.00     94.02
                all      0.04      0.00      5.94      0.00      0.00     94.02
                all      0.07      0.00      1.28      0.00      0.00     98.65
end------
                all      0.06      0.00      0.30      0.00      0.00     99.64
                all      0.11      0.00      0.46      0.00      0.00     99.43
                all      0.11      0.00      0.45      0.07      0.00     99.36
start----
                all      0.18      0.00      1.49      0.03      0.00     98.30
                all      0.03      0.00      5.95      0.00      0.00     94.01
                all      0.04      0.00      5.95      0.00      0.00     94.02
                all      0.07      0.00      1.08      0.00      0.00     98.85
end------
                all      0.05      0.00      0.22      0.00      0.00     99.73
                all      0.11      0.00      0.46      0.00      0.00     99.43
                all      0.12      0.00      0.44      0.00      0.00     99.44
start----
                all      0.16      0.00      0.65      0.03      0.00     99.16
                all      0.07      0.00      5.91      0.00      0.00     94.02
                all      0.04      0.00      6.15      0.00      0.00     93.81
                all      0.13      0.00      6.34      0.00      0.00     93.53
                all      0.02      0.00      5.99      0.00      0.00     93.99
                all      0.20      0.00      4.12      0.00      0.00     95.67
end------
                all      0.01      0.00      0.06      0.00      0.00     99.93
                all      0.10      0.00      0.45      0.00      0.00     99.45
                all      0.12      0.00      0.45      0.00      0.00     99.43
                all      0.11      0.00      0.46      0.00      0.00     99.42
start----
                all      0.16      0.00      3.17      0.03      0.00     96.64
                all      0.04      0.00      5.94      0.00      0.00     94.02
                all      0.03      0.00      6.41      0.00      0.00     93.56
                all      0.09      0.00      6.11      0.00      0.00     93.80
                all      0.01      0.00      5.97      0.00      0.00     94.02
                all      0.16      0.00      1.30      0.01      0.00     98.53
end------
                all      0.05      0.00      0.22      0.00      0.00     99.73
                all      0.11      0.00      0.46      0.00      0.00     99.44
                all      0.11      0.00      0.46      0.00      0.00     99.42
start----
                all      0.12      0.00      0.53      0.02      0.00     99.33
                all      0.13      0.00      5.77      0.00      0.00     94.10
                all      0.03      0.00      6.13      0.00      0.00     93.84
                all      0.28      0.00      6.29      0.00      0.00     93.43
                all      0.01      0.00      5.98      0.00      0.00     94.01
                all      0.12      0.00      4.51      0.00      0.00     95.37
                all      0.02      0.00      0.06      0.00      0.00     99.92
end------
                all      0.10      0.00      0.39      0.00      0.00     99.51
                all      0.11      0.00      0.45      0.00      0.00     99.44
                all      0.11      0.00      0.46      0.07      0.00     99.36
start----
                all      0.16      0.00      2.88      0.02      0.00     96.94
                all      0.04      0.00      5.95      0.00      0.00     94.01
                all      0.04      0.00      6.38      0.00      0.00     93.59
                all      0.03      0.00      6.54      0.00      0.00     93.43
                all      0.03      0.00      6.50      0.00      0.00     93.46
                all      0.03      0.00      6.52      0.00      0.00     93.44
                all      0.21      0.00      5.86      0.03      0.00     93.89
                all      0.02      0.00      5.98      0.00      0.00     94.00
                all      0.01      0.00      5.97      0.00      0.00     94.02
                all      0.19      0.00      5.80      0.00      0.00     94.01
                all      0.08      0.00      0.15      0.00      0.00     99.77
end------
                all      0.09      0.00      0.36      0.00      0.00     99.54
                all      0.11      0.00      0.46      0.00      0.00     99.42
                all      0.10      0.00      0.46      0.00      0.00     99.44
start----
                all      0.17      0.00      1.49      0.01      0.00     98.33
                all      0.03      0.00      5.95      0.00      0.00     94.02
                all      0.03      0.00      6.25      0.00      0.00     93.72
                all      0.05      0.00      6.55      0.00      0.00     93.40
                all      0.03      0.00      6.51      0.00      0.00     93.46
                all      0.03      0.00      6.51      0.00      0.00     93.46
                all      0.16      0.00      6.08      0.00      0.00     93.75
                all      0.01      0.00      5.97      0.00      0.00     94.01
                all      0.02      0.00      5.97      0.00      0.00     94.01
                all      0.01      0.00      5.97      0.00      0.00     94.01
                all      0.22      0.00      1.34      0.00      0.00     98.44
end------
                all      0.03      0.00      0.18      0.00      0.00     99.79
                all      0.12      0.00      0.45      0.00      0.00     99.43
                all      0.11      0.00      0.46      0.08      0.00     99.35
start----
                all      0.11      0.00      0.40      0.00      0.00     99.48
                all      0.14      0.00      5.55      0.01      0.00     94.30
                all      0.03      0.00      6.08      0.00      0.00     93.88
                all      0.03      0.00      6.48      0.00      0.00     93.49
                all      0.04      0.00      6.51      0.00      0.00     93.45
                all      0.02      0.00      6.52      0.00      0.00     93.46
                all      0.11      0.00      6.30      0.00      0.00     93.59
                all      0.01      0.00      5.98      0.00      0.00     94.01
                all      0.01      0.00      5.97      0.00      0.00     94.01
                all      0.02      0.00      5.98      0.00      0.00     94.00
                all      0.22      0.00      2.96      0.00      0.00     96.83
end------
                all      0.04      0.00      0.15      0.00      0.00     99.81
                all      0.12      0.00      0.45      0.00      0.00     99.43
                all      0.10      0.00      0.47      0.08      0.00     99.35
start----
                all      0.10      0.00      0.41      0.00      0.00     99.49
                all      0.30      0.00     10.50      0.02      0.00     89.19
                all      0.07      0.00      4.17      0.00      0.00     95.76
end------
                all      0.05      0.00      0.24      0.00      0.00     99.71
                all      0.11      0.00      0.45      0.00      0.00     99.44
                all      0.12      0.00      0.46      0.00      0.00     99.42
start----
                all      0.30      0.00      1.08      0.03      0.00     98.60
                all      0.10      0.00     11.77      0.00      0.00     88.14
                all      0.07      0.00      2.18      0.00      0.00     97.75
end------
                all      0.07      0.00      0.31      0.00      0.00     99.61
                all      0.11      0.00      0.46      0.00      0.00     99.43
                all      0.12      0.00      0.45      0.00      0.00     99.43
start----
                all      0.27      0.00      2.76      0.03      0.00     96.95
                all      0.08      0.00     11.80      0.00      0.00     88.12
                all      0.06      0.00      0.30      0.00      0.00     99.64
end------
                all      0.10      0.00      0.39      0.00      0.00     99.51
                all      0.11      0.00      0.46      0.00      0.00     99.43
                all      0.11      0.00      0.45      0.08      0.00     99.35
start----
                all      0.28      0.00      4.60      0.03      0.00     95.09
                all      0.03      0.00     11.84      0.00      0.00     88.13
                all      0.13      0.00     11.75      0.00      0.00     88.12
                all      0.07      0.00      0.29      0.00      0.00     99.64
end------
                all      0.06      0.00      0.28      0.00      0.00     99.67
                all      0.11      0.00      0.46      0.00      0.00     99.43
                all      0.11      0.00      0.45      0.00      0.00     99.44
start----
                all      0.29      0.00      2.34      0.02      0.00     97.34
                all      0.03      0.00     11.86      0.00      0.00     88.11
                all      0.08      0.00     11.79      0.00      0.00     88.13
                all      0.08      0.00      2.66      0.00      0.00     97.27
end------
                all      0.08      0.00      0.33      0.00      0.00     99.58
                all      0.11      0.00      0.45      0.00      0.00     99.44
                all      0.20      0.00      0.45      0.03      0.00     99.32
start----
                all      0.19      0.00      0.91      0.03      0.00     98.87
                all      0.16      0.00     11.65      0.00      0.00     88.19
                all      0.07      0.00     11.80      0.00      0.00     88.13
                all      0.09      0.00      4.39      0.00      0.00     95.52
end------
                all      0.05      0.00      0.23      0.00      0.00     99.71
                all      0.11      0.00      0.45      0.00      0.00     99.44
                all      0.13      0.00      0.44      0.00      0.00     99.43
start----
                all      0.18      0.00      0.86      0.02      0.00     98.94
                all      0.16      0.00     11.60      0.00      0.00     88.24
                all      0.03      0.00     12.08      0.00      0.00     87.89
                all      0.13      0.00     12.20      0.01      0.00     87.67
                all      0.02      0.00     11.89      0.00      0.00     88.10
                all      0.34      0.00      8.23      0.00      0.00     91.43
end------
                all      0.01      0.00      0.06      0.00      0.00     99.92
                all      0.11      0.00      0.43      0.00      0.00     99.45
                all      0.11      0.00      0.45      0.00      0.00     99.44
                all      0.13      0.00      0.45      0.00      0.00     99.43
start----
                all      0.29      0.00      5.81      0.03      0.00     93.87
                all      0.03      0.00     11.85      0.00      0.00     88.12
                all      0.03      0.00     12.35      0.00      0.00     87.62
                all      0.17      0.00     11.91      0.00      0.00     87.92
                all      0.02      0.00     11.86      0.00      0.00     88.12
                all      0.16      0.00      3.02      0.01      0.00     96.81
end------
                all      0.05      0.00      0.22      0.00      0.00     99.73
                all      0.12      0.00      0.45      0.00      0.00     99.43
                all      0.12      0.00      0.45      0.00      0.00     99.43
start----
                all      0.10      0.00      0.41      0.01      0.00     99.48
                all      0.24      0.00     10.78      0.02      0.00     88.96
                all      0.03      0.00     12.03      0.00      0.00     87.93
                all      0.14      0.00     12.26      0.00      0.00     87.60
                all      0.02      0.00     11.86      0.00      0.00     88.13
                all      0.15      0.00      9.75      0.00      0.00     90.09
                all      0.02      0.00      0.06      0.00      0.00     99.92
end------
                all      0.10      0.00      0.40      0.00      0.00     99.50
                all      0.12      0.00      0.45      0.00      0.00     99.44
                all      0.11      0.00      0.46      0.00      0.00     99.43
start----
                all      0.27      0.00      4.71      0.02      0.00     95.00
                all      0.03      0.00     11.84      0.00      0.00     88.13
                all      0.04      0.00     12.29      0.00      0.00     87.67
                all      0.03      0.00     12.44      0.00      0.00     87.53
                all      0.03      0.00     12.42      0.00      0.00     87.55
                all      0.03      0.00     12.44      0.00      0.00     87.53
                all      0.35      0.00     11.71      0.00      0.00     87.94
                all      0.02      0.00     11.87      0.00      0.00     88.11
                all      0.01      0.00     11.85      0.00      0.00     88.13
                all      0.08      0.00     11.80      0.00      0.00     88.11
                all      0.44      0.00      0.63      0.01      0.00     98.92
end------
                all      0.07      0.00      0.30      0.00      0.00     99.63
                all      0.13      0.00      0.44      0.00      0.00     99.43
                all      0.12      0.00      0.45      0.00      0.00     99.43
start----
                all      0.29      0.00      1.34      0.02      0.00     98.34
                all      0.04      0.00     11.84      0.00      0.00     88.12
                all      0.03      0.00     12.13      0.00      0.00     87.84
                all      0.03      0.00     12.43      0.00      0.00     87.54
                all      0.03      0.00     12.42      0.00      0.00     87.54
                all      0.04      0.00     12.45      0.00      0.00     87.51
                all      0.29      0.00     11.92      0.00      0.00     87.79
                all      0.04      0.00     11.92      0.00      0.00     88.04
                all      0.03      0.00     11.89      0.00      0.00     88.08
                all      0.01      0.00     11.86      0.00      0.00     88.13
                all      0.49      0.00      3.85      0.00      0.00     95.65
end------
                all      0.03      0.00      0.15      0.00      0.00     99.81
                all      0.13      0.00      0.45      0.00      0.00     99.42
                all      0.13      0.00      0.46      0.00      0.00     99.41
start----
                all      0.11      0.00      0.42      0.00      0.00     99.47
                all      0.33      0.00      9.87      0.03      0.00     89.77
                all      0.03      0.00     11.96      0.00      0.00     88.02
                all      0.03      0.00     12.42      0.00      0.00     87.54
                all      0.04      0.00     12.46      0.00      0.00     87.51
                all      0.03      0.00     12.43      0.00      0.00     87.54
                all      0.33      0.00     12.00      0.00      0.00     87.67
                all      0.02      0.00     11.92      0.00      0.00     88.07
                all      0.02      0.00     11.86      0.00      0.00     88.13
                all      0.02      0.00     11.87      0.00      0.00     88.11
                all      0.51      0.00      7.24      0.00      0.00     92.24
end------
                all      0.01      0.00      0.04      0.00      0.00     99.94
                all      0.12      0.00      0.44      0.00      0.00     99.44
                all      0.12      0.00      0.45      0.00      0.00     99.44
                all      0.13      0.00      0.44      0.00      0.00     99.44
start----
                all      0.59      0.00     11.72      0.04      0.00     87.66
                all      0.26      0.00     17.73      0.00      0.00     82.02
end------
                all      0.00      0.00      0.04      0.00      0.00     99.96
                all      0.13      0.00      0.44      0.00      0.00     99.43
                all      0.12      0.00      0.46      0.00      0.00     99.42
                all      0.11      0.00      0.45      0.00      0.00     99.44
start----
                all      0.60      0.00     13.46      0.05      0.00     85.89
                all      0.26      0.00     15.84      0.01      0.00     83.89
end------
                all      0.01      0.00      0.07      0.00      0.00     99.92
                all      0.12      0.00      0.45      0.00      0.00     99.44
                all      0.12      0.00      0.45      0.07      0.00     99.35
                all      0.12      0.00      0.45      0.00      0.00     99.43
start----
                all      0.62      0.00     15.17      0.04      0.00     84.17
                all      0.26      0.00     14.26      0.00      0.00     85.47
end------
                all      0.02      0.00      0.11      0.00      0.00     99.87
                all      0.13      0.00      0.44      0.00      0.00     99.43
                all      0.13      0.00      0.44      0.00      0.00     99.43
start----
                all      0.11      0.00      0.44      0.00      0.00     99.45
                all      0.58      0.00     16.62      0.05      0.00     82.76
                all      0.15      0.00     23.52      0.00      0.00     76.32
                all      0.15      0.00     16.38      0.00      0.00     83.47
end------
                all      0.01      0.00      0.07      0.00      0.00     99.92
                all      0.12      0.00      0.44      0.00      0.00     99.44
                all      0.13      0.00      0.44      0.00      0.00     99.43
                all      0.11      0.00      0.46      0.00      0.00     99.42
start----
                all      0.57      0.00     14.92      0.06      0.00     84.46
                all      0.16      0.00     23.52      0.00      0.00     76.32
                all      0.14      0.00     18.40      0.01      0.00     81.46
end------
                all      0.00      0.00      0.03      0.00      0.00     99.96
                all      0.11      0.00      0.45      0.00      0.00     99.44
                all      0.14      0.00      0.43      0.06      0.00     99.38
                all      0.11      0.00      0.45      0.02      0.00     99.41
start----
                all      0.62      0.00     12.73      0.05      0.00     86.60
                all      0.15      0.00     23.52      0.00      0.00     76.33
                all      0.14      0.00     20.70      0.00      0.00     79.17
                all      0.01      0.00      0.05      0.00      0.00     99.94
end------
                all      0.12      0.00      0.40      0.00      0.00     99.48
                all      0.13      0.00      0.44      0.03      0.00     99.41
                all      0.13      0.00      0.44      0.05      0.00     99.38
start----
                all      0.64      0.00     10.81      0.04      0.00     88.50
                all      0.03      0.00     23.64      0.00      0.00     76.33
                all      0.03      0.00     24.14      0.00      0.00     75.83
                all      0.59      0.00     23.29      0.00      0.00     76.12
                all      0.01      0.00     23.66      0.00      0.00     76.33
                all      0.27      0.00      6.78      0.00      0.00     92.94
end------
                all      0.05      0.00      0.25      0.00      0.00     99.70
                all      0.13      0.00      0.44      0.00      0.00     99.44
                all      0.12      0.00      0.45      0.00      0.00     99.43
start----
                all      0.23      0.00      1.46      0.04      0.00     98.28
                all      0.53      0.00     22.41      0.01      0.00     77.06
                all      0.03      0.00     23.87      0.00      0.00     76.10
                all      0.64      0.00     23.46      0.00      0.00     75.90
                all      0.02      0.00     23.66      0.00      0.00     76.31
                all      0.25      0.00     17.35      0.00      0.00     82.40
end------
                all      0.01      0.00      0.08      0.00      0.00     99.91
                all      0.13      0.00      0.45      0.00      0.00     99.43
                all      0.13      0.00      0.44      0.00      0.00     99.43
                all      0.13      0.00      0.44      0.00      0.00     99.43
start----
                all      0.64      0.00     14.05      0.03      0.00     85.28
                all      0.04      0.00     23.65      0.00      0.00     76.32
                all      0.03      0.00     24.21      0.00      0.00     75.76
                all      0.62      0.00     23.19      0.00      0.00     76.19
                all      0.02      0.00     23.65      0.00      0.00     76.33
                all      0.25      0.00      3.74      0.00      0.00     96.01
end------
                all      0.07      0.00      0.21      0.00      0.00     99.71
                all      0.14      0.00      0.42      0.00      0.00     99.44
                all      0.13      0.00      0.44      0.07      0.00     99.37
start----
                all      0.18      0.00      1.30      0.03      0.00     98.49
                all      0.54      0.00     21.59      0.01      0.00     77.87
                all      0.03      0.00     23.85      0.00      0.00     76.12
                all      0.04      0.00     24.22      0.00      0.00     75.75
                all      0.04      0.00     24.25      0.00      0.00     75.71
                all      0.04      0.00     24.23      0.00      0.00     75.73
                all      0.33      0.00     23.64      0.00      0.00     76.03
                all      0.02      0.00     23.67      0.00      0.00     76.31
                all      0.01      0.00     23.66      0.00      0.00     76.33
                all      0.01      0.00     23.66      0.00      0.00     76.33
                all      0.43      0.00      9.75      0.00      0.00     89.81
end------
                all      0.02      0.00      0.09      0.00      0.00     99.89
                all      0.13      0.00      0.44      0.00      0.00     99.43
                all      0.13      0.00      0.44      0.00      0.00     99.44
start----
                all      0.12      0.00      0.43      0.00      0.00     99.45
                all      0.65      0.00     16.28      0.07      0.00     83.00
                all      0.03      0.00     23.70      0.00      0.00     76.26
                all      0.04      0.00     24.23      0.00      0.00     75.73
                all      0.04      0.00     24.23      0.00      0.00     75.73
                all      0.04      0.00     24.23      0.00      0.00     75.74
                all      0.69      0.00     23.38      0.00      0.00     75.93
                all      0.02      0.00     23.66      0.00      0.00     76.32
                all      0.02      0.00     23.65      0.00      0.00     76.33
                all      0.02      0.00     23.65      0.00      0.00     76.33
                all      0.31      0.00     15.91      0.01      0.00     83.78
end------
                all      0.01      0.00      0.09      0.00      0.00     99.90
                all      0.13      0.00      0.44      0.00      0.00     99.43
                all      0.13      0.00      0.45      0.00      0.00     99.42
start----
                all      0.13      0.00      0.44      0.00      0.00     99.44
                all      0.59      0.00     15.22      0.06      0.00     84.13
                all      0.04      0.00     23.67      0.00      0.00     76.29
                all      0.04      0.00     24.20      0.00      0.00     75.76
                all      0.07      0.00     24.34      0.00      0.00     75.59
                all      0.03      0.00     24.22      0.00      0.00     75.75
                all      1.78      0.00     22.39      0.00      0.00     75.83
                all      0.02      0.00     23.71      0.00      0.00     76.28
                all      0.01      0.00     23.66      0.00      0.00     76.33
                all      0.04      0.00     23.68      0.00      0.00     76.28
                all      0.39      0.00     18.77      0.00      0.00     80.84
end------
                all      0.00      0.00      0.04      0.00      0.00     99.96
                all      0.13      0.00      0.42      0.00      0.00     99.45
                all      0.14      0.00      0.43      0.00      0.00     99.43
                all      0.13      0.00      0.43      0.00      0.00     99.44
start----
                all      2.16      0.00     18.37      0.16      0.00     79.30
                all      0.54      0.00     46.48      0.00      0.00     52.98
                all      0.52      0.00      7.42      0.00      0.00     92.06
end------
                all      0.07      0.00      0.26      0.00      0.00     99.68
                all      0.14      0.00      0.43      0.00      0.00     99.42
                all      0.13      0.00      0.44      0.00      0.00     99.43
start----
                all      0.41      0.00      4.32      0.05      0.00     95.23
                all      2.30      0.00     41.69      0.05      0.00     55.96
                all      0.51      0.00     25.72      0.01      0.00     73.76
end------
                all      0.02      0.00      0.08      0.00      0.00     99.90
                all      0.14      0.00      0.43      0.00      0.00     99.44
                all      0.13      0.00      0.44      0.07      0.00     99.35
start----
                all      0.14      0.00      0.42      0.00      0.00     99.44
                all      2.02      0.00     27.68      0.06      0.00     70.24
                all      0.99      0.00     44.36      0.00      0.00     54.65
                all      0.03      0.00      0.09      0.00      0.00     99.88
end------
                all      0.10      0.00      0.35      0.00      0.00     99.55
                all      0.14      0.00      0.42      0.00      0.00     99.44
                all      0.13      0.00      0.44      0.08      0.00     99.35
start----
                all      2.03      0.00      8.70      0.09      0.00     89.18
                all      0.09      0.00     46.69      0.00      0.00     53.22
                all      0.56      0.00     46.52      0.00      0.00     52.92
                all      0.49      0.00     30.69      0.00      0.00     68.82
                all      0.01      0.00      0.05      0.00      0.00     99.94
end------
                all      0.12      0.00      0.38      0.00      0.00     99.50
                all      0.13      0.00      0.44      0.02      0.00     99.41
