
Linux 5.2.8200225+ (knl03.kisti.re.kr) 	2020년 05월 26일 	_x86_64_	(272 CPU)

                CPU     %user     %nice   %system   %iowait    %steal     %idle
                all      0.03      0.00      0.10      0.00      0.00     99.87
                all      0.02      0.00      0.08      0.15      0.00     99.75
                all      0.01      0.00      0.07      0.37      0.00     99.55
                all      0.01      0.00      0.08      0.37      0.00     99.53
                all      0.01      0.00      0.08      0.07      0.00     99.83
                all      0.02      0.00      0.14      0.25      0.00     99.59
                all      0.03      0.00      0.09      0.04      0.00     99.85
                all      0.03      0.00      0.11      0.00      0.00     99.86
                all      0.11      0.00      0.21      0.08      0.00     99.60
                all      0.03      0.00      0.19      0.01      0.00     99.76
                all      0.01      0.00      0.07      0.00      0.00     99.91
                all      0.01      0.00      0.07      0.00      0.00     99.92
start----
                all      0.01      0.00      0.08      0.00      0.00     99.90
                all      0.35      0.00      8.25      0.01      0.00     91.38
                all      0.06      0.00      3.19      0.00      0.00     96.75
                all      0.02      0.00      0.08      0.00      0.00     99.90
                all      0.01      0.00      0.07      0.00      0.00     99.91
                all      0.01      0.00      0.07      0.07      0.00     99.84
                all      0.25      0.00      1.75      0.02      0.00     97.97
                all      0.19      0.00      9.75      0.01      0.00     90.04
end------
                all      0.00      0.00      0.03      0.00      0.00     99.97
                all      0.10      0.00      0.46      0.00      0.00     99.43
                all      0.11      0.00      0.46      0.00      0.00     99.42
                all      0.12      0.00      0.46      0.00      0.00     99.42
start----
                all      0.31      0.00      6.90      0.03      0.00     92.75
                all      0.08      0.00      4.85      0.00      0.00     95.06
end------
                all      0.04      0.00      0.21      0.00      0.00     99.75
                all      0.11      0.00      0.46      0.00      0.00     99.43
                all      0.11      0.00      0.46      0.07      0.00     99.35
start----
                all      0.13      0.00      0.78      0.02      0.00     99.06
                all      0.39      0.00     11.15      0.00      0.00     88.46
                all      0.13      0.00     10.28      0.00      0.00     89.59
end------
                all      0.01      0.00      0.03      0.00      0.00     99.97
                all      0.10      0.00      0.48      0.00      0.00     99.42
                all      0.30      0.00      0.48      0.00      0.00     99.22
                all      0.56      0.00      0.50      0.00      0.00     98.94
start----
                all      0.25      0.00      6.33      0.02      0.00     93.39
                all      0.14      0.00     11.76      0.00      0.00     88.11
                all      0.07      0.00      3.96      0.00      0.00     95.97
end------
                all      0.12      0.00      0.36      0.01      0.00     99.51
                all      0.22      0.00      0.63      0.01      0.00     99.14
                all      0.11      0.00      0.48      0.01      0.00     99.39
start----
                all      0.31      0.00      1.59      0.08      0.00     98.01
                all      0.16      0.00     11.74      0.00      0.00     88.10
                all      0.08      0.00      9.00      0.03      0.00     90.89
end------
                all      0.02      0.00      0.13      0.03      0.00     99.82
                all      0.16      0.00      0.54      0.01      0.00     99.29
                all      0.17      0.00      0.66      0.00      0.00     99.17
                all      0.12      0.00      0.48      0.01      0.00     99.38
start----
                all      0.28      0.00      6.07      0.05      0.00     93.60
                all      0.07      0.00     12.23      0.04      0.00     87.66
                all      0.38      0.00     11.87      0.00      0.00     87.76
                all      0.02      0.00     11.88      0.00      0.00     88.11
                all      0.09      0.00      2.08      0.06      0.00     97.77
end------
                all      0.08      0.00      0.34      0.02      0.00     99.57
                all      0.12      0.00      0.46      0.00      0.00     99.42
                all      0.11      0.00      0.46      0.00      0.00     99.42
start----
                all      0.17      0.00      0.95      0.04      0.00     98.84
                all      0.22      0.00     11.77      0.03      0.00     87.98
                all      0.39      0.00     12.13      0.01      0.00     87.46
                all      0.07      0.00     11.88      0.00      0.00     88.05
                all      0.15      0.00      7.60      0.01      0.00     92.24
end------
                all      0.03      0.00      0.15      0.03      0.00     99.79
                all      0.11      0.00      0.49      0.00      0.00     99.41
                all      0.11      0.00      0.48      0.00      0.00     99.40
                all      0.17      0.00      0.52      0.01      0.00     99.30
start----
                all      0.25      0.00      8.23      0.02      0.00     91.50
                all      0.07      0.00     12.42      0.03      0.00     87.48
                all      0.53      0.00     11.68      0.01      0.00     87.78
                all      0.11      0.00     11.74      0.00      0.00     88.15
                all      0.03      0.00      0.11      0.05      0.00     99.81
end------
                all      0.10      0.00      0.42      0.05      0.00     99.43
                all      0.12      0.00      0.45      0.00      0.00     99.42
                all      0.12      0.00      0.49      0.01      0.00     99.38
start----
                all      0.32      0.00      3.20      0.04      0.00     96.44
                all      0.14      0.00     12.01      0.01      0.00     87.83
                all      0.06      0.00     12.56      0.03      0.00     87.35
                all      0.05      0.00     12.49      0.01      0.00     87.45
                all      1.78      0.00      5.52      5.01      0.00     87.69
                all      0.30      0.00     12.06      0.00      0.00     87.65
                all      0.08      0.00     12.01      0.01      0.00     87.90
                all      0.02      0.00     11.88      0.00      0.00     88.10
                all      0.41      0.00      8.38      0.01      0.00     91.20
end------
                all      0.02      0.00      0.07      0.00      0.00     99.91
                all      0.11      0.00      0.45      0.00      0.00     99.43
                all      0.14      0.00      0.54      0.00      0.00     99.32
                all      0.12      0.00      0.45      0.00      0.00     99.43
start----
                all      0.27      0.00      6.99      0.01      0.00     92.73
                all      0.04      0.00     12.10      0.00      0.00     87.86
                all      0.04      0.00     12.42      0.00      0.00     87.54
                all      0.04      0.00      9.49      2.91      0.00     87.57
                all      1.45      0.00      6.48      4.39      0.00     87.68
                all      0.29      0.00     11.82      0.01      0.00     87.88
                all      0.02      0.00     11.88      0.00      0.00     88.11
                all      0.01      0.00     11.88      0.00      0.00     88.11
                all      0.50      0.00      5.06      0.00      0.00     94.44
end------
                all      0.04      0.00      0.17      0.00      0.00     99.79
                all      0.11      0.00      0.46      0.00      0.00     99.43
                all      0.12      0.00      0.44      0.00      0.00     99.44
start----
                all      0.11      0.00      0.41      0.01      0.00     99.48
                all      0.24      0.00     10.76      0.01      0.00     88.99
                all      0.04      0.00     12.26      0.00      0.00     87.69
                all      0.04      0.00     12.39      0.00      0.00     87.58
                all      0.04      0.00      5.67      6.60      0.00     87.68
                all      1.92      0.00      8.43      2.01      0.00     87.64
                all      0.17      0.00     11.84      0.00      0.00     87.98
                all      0.01      0.00     11.89      0.00      0.00     88.10
                all      0.01      0.00     11.89      0.00      0.00     88.10
                all      0.52      0.00      2.52      0.00      0.00     96.96
end------
                all      0.05      0.00      0.22      0.00      0.00     99.73
                all      0.12      0.00      0.45      0.00      0.00     99.43
                all      0.11      0.00      0.45      0.00      0.00     99.43
start----
                all      0.10      0.00      0.40      0.01      0.00     99.49
                all      0.79      0.00     20.90      0.05      0.00     78.26
                all      0.13      0.00      2.64      0.00      0.00     97.22
end------
                all      0.09      0.00      0.34      0.00      0.00     99.57
                all      0.13      0.00      0.45      0.00      0.00     99.42
                all      0.12      0.00      0.45      0.00      0.00     99.42
start----
                all      0.65      0.00      4.83      0.06      0.00     94.47
                all      0.35      0.00     18.75      0.00      0.00     80.90
end------
                all      0.01      0.00      0.04      0.00      0.00     99.94
                all      0.09      0.00      0.47      0.00      0.00     99.44
                all      0.12      0.00      0.45      0.00      0.00     99.43
                all      0.12      0.00      0.46      0.00      0.00     99.42
start----
                all      0.65      0.00     12.24      0.04      0.00     87.07
                all      0.33      0.00     11.21      0.00      0.00     88.46
end------
                all      0.04      0.00      0.20      0.00      0.00     99.76
                all      0.11      0.00      0.46      0.00      0.00     99.43
                all      0.12      0.00      0.45      0.00      0.00     99.43
start----
                all      0.09      0.00      0.41      0.01      0.00     99.49
                all      0.67      0.00     19.83      0.06      0.00     79.44
                all      0.32      0.00     23.36      0.00      0.00     76.32
                all      0.06      0.00      0.87      0.00      0.00     99.08
end------
                all      0.09      0.00      0.37      0.00      0.00     99.54
                all      0.12      0.00      0.45      0.00      0.00     99.43
                all      0.11      0.00      0.46      0.00      0.00     99.42
start----
                all      0.61      0.00      6.91      0.06      0.00     92.43
                all      0.27      0.00     23.39      0.00      0.00     76.34
                all      0.14      0.00     13.77      0.00      0.00     86.10
end------
                all      0.03      0.00      0.12      0.00      0.00     99.86
                all      0.11      0.00      0.45      0.00      0.00     99.44
                all      0.13      0.00      0.45      0.00      0.00     99.42
start----
                all      0.11      0.00      0.42      0.00      0.00     99.47
                all      0.58      0.00     17.69      0.05      0.00     81.68
                all      0.28      0.00     23.39      0.00      0.00     76.33
                all      0.15      0.00      2.92      0.01      0.00     96.92
end------
                all      0.08      0.00      0.36      0.00      0.00     99.56
                all      0.13      0.00      0.44      0.00      0.00     99.44
                all      0.12      0.00      0.45      0.00      0.00     99.43
start----
                all      0.70      0.00      4.74      0.04      0.00     94.51
                all      0.04      0.00     23.69      0.00      0.00     76.27
                all      1.10      0.00     23.05      0.00      0.00     75.85
                all      0.01      0.00     23.71      0.00      0.00     76.28
                all      0.33      0.00     11.93      0.00      0.00     87.73
end------
                all      0.04      0.00      0.17      0.00      0.00     99.78
                all      0.11      0.00      0.45      0.00      0.00     99.43
                all      0.11      0.00      0.46      0.00      0.00     99.43
start----
                all      0.11      0.00      0.42      0.00      0.00     99.47
                all      0.61      0.00     17.94      0.04      0.00     81.41
                all      0.04      0.00     24.01      0.00      0.00     75.95
                all      1.05      0.00     22.86      0.00      0.00     76.09
                all      0.27      0.00     21.94      0.00      0.00     77.78
                all      0.02      0.00      0.07      0.00      0.00     99.91
end------
                all      0.08      0.00      0.34      0.00      0.00     99.58
                all      0.11      0.00      0.45      0.00      0.00     99.43
                all      0.12      0.00      0.45      0.07      0.00     99.36
start----
                all      0.62      0.00      4.84      0.06      0.00     94.49
                all      0.04      0.00     23.67      0.00      0.00     76.29
                all      0.55      0.00     23.43      0.02      0.00     76.00
                all      0.01      0.00     23.69      0.00      0.00     76.29
                all      0.40      0.00     11.35      0.00      0.00     88.25
end------
                all      0.01      0.00      0.07      0.00      0.00     99.92
                all      0.12      0.00      0.45      0.00      0.00     99.43
                all      0.13      0.00      0.45      0.07      0.00     99.35
start----
                all      0.12      0.00      0.45      0.00      0.00     99.43
                all      0.58      0.00     15.27      0.04      0.00     84.12
                all      0.04      0.00     23.95      0.00      0.00     76.00
                all      0.04      0.00     24.13      0.00      0.00     75.82
                all      0.36      0.00     23.78      0.00      0.00     75.86
                all      0.51      0.00     23.38      0.00      0.00     76.10
                all      0.01      0.00     23.70      0.00      0.00     76.29
                all      0.02      0.00     23.73      0.00      0.00     76.25
                all      0.40      0.00     19.53      0.00      0.00     80.06
end------
                all      0.01      0.00      0.06      0.00      0.00     99.93
                all      0.11      0.00      0.46      0.00      0.00     99.43
                all      0.11      0.00      0.45      0.00      0.00     99.44
                all      0.12      0.00      0.46      0.00      0.00     99.42
start----
                all      0.64      0.00     11.06      0.05      0.00     88.26
                all      0.05      0.00     23.80      0.00      0.00     76.15
                all      0.04      0.00     24.09      0.00      0.00     75.86
                all      0.04      0.00     24.10      0.01      0.00     75.85
                all      0.85      0.00     23.24      0.00      0.00     75.90
                all      0.02      0.00     23.69      0.00      0.00     76.29
                all      0.02      0.00     23.71      0.00      0.00     76.27
                all      0.50      0.00     23.11      0.00      0.00     76.38
                all      0.03      0.00      0.23      0.01      0.00     99.74
end------
                all      0.10      0.00      0.41      0.00      0.00     99.50
                all      0.12      0.00      0.44      0.00      0.00     99.44
                all      0.11      0.00      0.46      0.00      0.00     99.43
start----
                all      0.62      0.00      7.25      0.13      0.00     92.01
                all      0.04      0.00     23.73      0.00      0.00     76.22
                all      0.05      0.00     24.11      0.00      0.00     75.84
                all      0.04      0.00     24.08      0.00      0.00     75.88
                all      0.75      0.00     23.43      0.00      0.00     75.82
                all      0.01      0.00     23.70      0.02      0.00     76.26
                all      0.02      0.00     23.69      0.00      0.00     76.29
                all      0.04      0.00     23.82      0.00      0.00     76.14
                all      0.26      0.00      3.95      0.01      0.00     95.78
end------
                all      0.06      0.00      0.33      0.00      0.00     99.61
                all      0.11      0.00      0.45      0.00      0.00     99.43
                all      0.11      0.00      0.45      0.00      0.00     99.43
start----
                all      1.01      0.00      3.84      0.05      0.00     95.11
                all      1.86      0.00     43.12      0.00      0.00     55.02
                all      0.59      0.00     12.23      0.00      0.00     87.18
end------
                all      0.05      0.00      0.21      0.00      0.00     99.74
                all      0.11      0.00      0.45      0.00      0.00     99.44
                all      0.12      0.00      0.45      0.00      0.00     99.43
start----
                all      0.26      0.00      2.28      0.01      0.00     97.44
                all      2.44      0.00     38.34      0.03      0.00     59.19
                all      0.59      0.00     18.09      0.00      0.00     81.32
end------
                all      0.04      0.00      0.16      0.00      0.00     99.80
                all      0.11      0.00      0.45      0.00      0.00     99.43
                all      0.12      0.00      0.45      0.07      0.00     99.35
start----
                all      0.10      0.00      0.41      0.01      0.00     99.48
                all      2.51      0.00     33.80      0.07      0.00     63.62
                all      0.54      0.00     25.26      0.00      0.00     74.20
end------
                all      0.02      0.00      0.09      0.00      0.00     99.89
                all      0.11      0.00      0.45      0.00      0.00     99.44
                all      0.11      0.00      0.46      0.00      0.00     99.42
start----
                all      0.11      0.00      0.44      0.00      0.00     99.45
                all      2.02      0.00     28.04      0.07      0.00     69.87
                all      0.75      0.00     45.89      0.00      0.00     53.36
                all      0.60      0.00     33.27      0.01      0.00     66.13
end------
                all      0.01      0.00      0.04      0.00      0.00     99.95
                all      0.11      0.00      0.45      0.00      0.00     99.44
                all      0.11      0.00      0.46      0.00      0.00     99.42
                all      0.12      0.00      0.45      0.00      0.00     99.43
start----
                all      2.14      0.00     19.95      0.07      0.00     77.84
                all      0.72      0.00     46.12      0.00      0.00     53.16
                all      0.56      0.00     41.01      0.00      0.00     58.43
                all      0.03      0.00      0.08      0.00      0.00     99.89
end------
                all      0.07      0.00      0.31      0.00      0.00     99.61
                all      0.18      0.00      0.47      0.01      0.00     99.35
                all      0.12      0.00      0.45      0.00      0.00     99.43
start----
                all      1.01      0.00      5.19      0.10      0.00     93.71
                all      1.22      0.00     44.43      0.03      0.00     54.33
                all      0.86      0.00     45.46      0.00      0.00     53.67
                all      0.58      0.00     12.67      0.01      0.00     86.74
end------
                all      0.13      0.00      0.23      0.00      0.00     99.64
                all      0.13      0.00      0.45      0.00      0.00     99.42
                all      0.11      0.00      0.45      0.00      0.00     99.43
start----
                all      0.21      0.00      1.69      0.02      0.00     98.08
                all      1.72      0.00     39.34      0.03      0.00     58.91
                all      0.05      0.00     47.61      0.00      0.00     52.33
                all      0.83      0.00     45.30      0.05      0.00     53.82
                all      0.02      0.00     46.30      0.00      0.00     53.68
                all      1.14      0.00     24.71      0.00      0.00     74.15
end------
                all      0.01      0.00      0.05      0.00      0.00     99.94
                all      0.12      0.00      0.44      0.00      0.00     99.44
                all      0.13      0.00      0.45      0.00      0.00     99.42
                all      0.12      0.00      0.44      0.00      0.00     99.44
start----
                all      2.00      0.00     18.02      0.09      0.00     79.90
                all      0.04      0.00     47.32      0.00      0.00     52.64
                all      0.83      0.00     45.95      0.03      0.00     53.19
                all      0.02      0.00     46.30      0.00      0.00     53.68
                all      1.25      0.00     44.95      0.00      0.00     53.80
                all      0.06      0.00      1.75      0.00      0.00     98.18
end------
                all      0.07      0.00      0.25      0.00      0.00     99.69
                all      0.11      0.00      0.45      0.00      0.00     99.44
                all      0.10      0.00      0.46      0.07      0.00     99.36
start----
                all      0.27      0.00      4.17      0.09      0.00     95.47
                all      1.79      0.00     38.86      0.03      0.00     59.32
                all      0.04      0.00     47.62      0.00      0.00     52.34
                all      0.82      0.00     45.72      0.03      0.00     53.43
                all      0.02      0.00     46.28      0.00      0.00     53.70
                all      0.77      0.00     23.77      0.01      0.00     75.44
end------
                all      0.03      0.00      0.10      0.00      0.00     99.87
                all      0.12      0.00      0.45      0.00      0.00     99.44
                all      0.11      0.00      0.45      0.00      0.00     99.44
start----
                all      0.11      0.00      0.43      0.00      0.00     99.45
                all      2.08      0.00     27.73      0.10      0.00     70.10
                all      0.04      0.00     47.44      0.00      0.00     52.52
                all      0.04      0.00     47.82      0.00      0.00     52.13
                all      0.04      0.00     47.84      0.00      0.00     52.12
                all      0.94      0.00     47.01      0.00      0.00     52.06
                all      0.24      0.00     45.74      0.02      0.00     54.00
                all      0.02      0.00     46.27      0.00      0.00     53.72
                all      0.02      0.00     46.26      0.00      0.00     53.72
                all      0.02      0.00     46.22      0.00      0.00     53.76
                all      0.83      0.00     12.41      0.00      0.00     86.76
end------
                all      0.04      0.00      0.15      0.00      0.00     99.81
                all      0.11      0.00      0.45      0.00      0.00     99.44
                all      0.12      0.00      0.45      0.00      0.00     99.43
start----
                all      0.11      0.00      0.42      0.00      0.00     99.47
                all      2.16      0.00     32.20      0.03      0.00     65.61
                all      0.04      0.00     47.50      0.00      0.00     52.46
                all      0.04      0.00     47.81      0.00      0.00     52.15
                all      0.04      0.00     47.82      0.00      0.00     52.14
                all      2.31      0.00     45.31      0.00      0.00     52.39
                all      0.02      0.00     46.32      0.00      0.00     53.66
                all      0.02      0.00     46.28      0.00      0.00     53.70
                all      0.02      0.00     46.26      0.00      0.00     53.72
                all      0.02      0.00     46.27      0.00      0.00     53.71
                all      0.64      0.00      8.46      0.01      0.00     90.89
end------
                all      0.06      0.00      0.27      0.00      0.00     99.67
                all      0.12      0.00      0.45      0.00      0.00     99.43
                all      0.11      0.00      0.45      0.00      0.00     99.43
start----
                all      0.38      0.00      3.58      0.02      0.00     96.02
                all      1.81      0.00     40.94      0.05      0.00     57.20
                all      0.05      0.00     47.64      0.00      0.00     52.31
                all      0.05      0.00     47.80      0.00      0.00     52.15
                all      0.29      0.00     47.54      0.00      0.00     52.17
                all      2.23      0.00     44.89      0.00      0.00     52.88
                all      0.02      0.00     46.29      0.00      0.00     53.69
                all      0.02      0.00     46.26      0.00      0.00     53.72
                all      0.02      0.00     46.22      0.00      0.00     53.76
                all      0.87      0.00     44.25      0.00      0.00     54.88
                all      0.03      0.00      0.41      0.00      0.00     99.56
end------
                all      0.06      0.00      0.27      0.00      0.00     99.67
                all      0.13      0.00      0.45      0.00      0.00     99.42
                all      0.11      0.00      0.46      0.00      0.00     99.43
start----
                all      0.50      0.00      7.37      0.18      0.00     91.95
                all      7.78      0.00     59.91      0.12      0.00     32.20
                all      4.50      0.00     85.96      0.00      0.00      9.55
                all      4.25      0.00     27.31      0.00      0.00     68.44
                all      0.02      0.00      0.06      0.01      0.00     99.91
end------
                all      0.09      0.00      0.40      0.00      0.00     99.51
                all      0.14      0.00      0.52      0.00      0.00     99.34
                all      0.11      0.00      0.45      0.00      0.00     99.44
start----
                all      2.73      0.00     14.03      0.11      0.00     83.13
                all      7.11      0.00     79.37      0.03      0.00     13.50
                all      8.80      0.00     77.70      0.00      0.00     13.50
                all      0.08      0.00      7.44      0.00      0.00     92.48
end------
                all      0.02      0.00      0.11      0.00      0.00     99.87
                all      0.12      0.00      0.44      0.00      0.00     99.44
                all      0.11      0.00      0.46      0.00      0.00     99.43
start----
                all      0.12      0.00      0.44      0.00      0.00     99.44
                all      4.97      0.00     31.43      0.09      0.00     63.51
                all      7.78      0.00     82.70      0.05      0.00      9.46
                all      5.46      0.00     60.36      0.05      0.00     34.12
                all      0.09      0.00      0.14      0.00      0.00     99.77
end------
                all      0.08      0.00      0.33      0.00      0.00     99.59
                all      0.11      0.00      0.45      0.00      0.00     99.44
                all      0.11      0.00      0.46      0.07      0.00     99.35
start----
                all      0.94      0.00     11.26      0.05      0.00     87.76
                all      7.24      0.00     62.48      0.16      0.00     30.12
                all      3.40      0.00     89.83      0.00      0.00      6.77
                all      0.05      0.00     87.36      0.00      0.00     12.58
                all      5.36      0.00     50.41      0.00      0.00     44.23
                all      0.03      0.00      0.10      0.00      0.00     99.87
end------
                all      0.08      0.00      0.33      0.00      0.00     99.59
                all      0.11      0.00      0.45      0.00      0.00     99.44
                all      0.11      0.00      0.46      0.07      0.00     99.35
start----
                all      0.94      0.00     11.13      0.03      0.00     87.90
                all      7.59      0.00     65.90      0.09      0.00     26.42
                all      3.32      0.00     89.61      0.00      0.00      7.08
                all      0.05      0.00     87.39      0.00      0.00     12.56
                all      5.44      0.00     48.92      0.00      0.00     45.65
                all      0.03      0.00      0.10      0.00      0.00     99.87
end------
                all      0.07      0.00      0.27      0.00      0.00     99.65
                all      0.12      0.00      0.44      0.00      0.00     99.44
                all      0.11      0.00      0.45      0.08      0.00     99.36
start----
                all      0.54      0.00      7.19      0.04      0.00     92.23
                all      7.74      0.00     55.77      0.10      0.00     36.39
                all      2.60      0.00     91.81      0.00      0.00      5.59
                all      1.24      0.00     85.77      0.00      0.00     12.99
                all      5.91      0.00     67.76      0.00      0.00     26.33
                all      0.02      0.00      0.52      0.00      0.00     99.46
end------
                all      0.06      0.00      0.33      0.00      0.00     99.60
                all      0.11      0.00      0.45      0.00      0.00     99.44
                all      0.11      0.00      0.45      0.00      0.00     99.44
start----
                all      0.60      0.00     11.34      0.29      0.00     87.77
                all     13.48      0.00     44.22      0.11      0.00     42.18
                all      0.05      0.00     94.39      0.00      0.00      5.56
                all      0.04      0.00     94.66      0.00      0.00      5.30
                all      5.05      0.00     85.60      0.00      0.00      9.34
                all      0.06      0.00     87.30      0.00      0.00     12.64
                all      0.04      0.00     87.20      0.00      0.00     12.77
                all      6.09      0.00     56.02      0.00      0.00     37.89
                all      0.03      0.00      0.13      0.00      0.00     99.83
end------
                all      0.18      0.00      0.45      0.01      0.00     99.37
                all      0.11      0.00      0.45      0.00      0.00     99.44
                all      0.12      0.00      0.45      0.00      0.00     99.44
start----
                all      0.97      0.00     13.57      0.23      0.00     85.24
                all      7.12      0.00     65.96      0.14      0.00     26.78
                all      0.05      0.00     94.40      0.00      0.00      5.56
                all      2.68      0.00     92.08      0.00      0.00      5.23
                all      1.89      0.00     86.05      0.00      0.00     12.06
                all      0.11      0.00     87.72      0.00      0.00     12.17
                all      0.05      0.00     87.26      0.00      0.00     12.69
                all      6.29      0.00     36.01      0.00      0.00     57.69
                all      0.02      0.00      0.08      0.01      0.00     99.89
end------
                all      0.08      0.00      0.33      0.00      0.00     99.58
                all      0.13      0.00      0.45      0.00      0.00     99.42
                all      0.11      0.00      0.45      0.00      0.00     99.43
start----
                all      0.94      0.00      8.96      0.03      0.00     90.06
                all      7.57      0.00     67.07      0.11      0.00     25.25
                all      0.05      0.00     94.35      0.00      0.00      5.60
                all      2.24      0.00     92.27      0.00      0.00      5.49
                all      5.06      0.00     83.76      0.00      0.00     11.17
                all      0.04      0.00     87.31      0.00      0.00     12.64
                all      0.05      0.00     87.21      0.00      0.00     12.73
                all      4.78      0.00     37.99      0.00      0.00     57.23
                all      0.02      0.00      0.08      0.00      0.00     99.90
end------
                all      0.10      0.00      0.33      0.00      0.00     99.57
                all      0.13      0.00      0.44      0.00      0.00     99.44
                all      0.11      0.00      0.46      0.00      0.00     99.43
start----
                all      0.95      0.00     11.19      0.04      0.00     87.81
                all      7.35      0.00     66.16      0.13      0.00     26.35
                all      0.06      0.00     94.37      0.00      0.00      5.57
                all      0.05      0.00     94.46      0.00      0.00      5.49
                all      0.04      0.00     94.73      0.00      0.00      5.23
                all      0.05      0.00     94.71      0.00      0.00      5.24
                all      5.68      0.00     89.29      0.01      0.00      5.02
                all      3.10      0.00     82.18      0.00      0.00     14.72
                all      0.04      0.00     87.25      0.00      0.00     12.71
                all      0.05      0.00     87.13      0.00      0.00     12.82
                all      0.05      0.00     87.13      0.00      0.00     12.81
                all      0.04      0.00     87.31      0.00      0.00     12.66
                all      0.04      0.00     87.20      0.00      0.00     12.76
                all      5.99      0.00     32.43      0.00      0.00     61.58
                all      0.02      0.00      0.07      0.00      0.00     99.91
end------
                all      0.10      0.00      0.36      0.00      0.00     99.54
                all      0.12      0.00      0.45      0.00      0.00     99.43
                all      0.11      0.00      0.45      0.08      0.00     99.36
start----
                all      1.04      0.00     10.17      0.06      0.00     88.73
                all      7.53      0.00     72.56      0.10      0.00     19.81
                all      0.04      0.00     94.42      0.00      0.00      5.53
                all      0.05      0.00     94.70      0.00      0.00      5.25
                all      0.05      0.00     94.73      0.00      0.00      5.22
                all      0.05      0.00     94.74      0.00      0.00      5.21
                all      4.64      0.00     90.28      0.00      0.00      5.08
                all      0.84      0.00     84.05      0.00      0.00     15.11
                all      0.06      0.00     87.18      0.00      0.00     12.75
                all      0.04      0.00     87.27      0.00      0.00     12.70
                all      0.04      0.00     87.20      0.00      0.00     12.76
                all      0.05      0.00     87.28      0.00      0.00     12.67
                all      1.13      0.00     86.27      0.00      0.00     12.59
                all      3.79      0.00     23.10      0.00      0.00     73.11
                all      0.02      0.00      0.05      0.01      0.00     99.93
end------
                all      0.11      0.00      0.42      0.00      0.00     99.48
                all      0.11      0.00      0.45      0.01      0.00     99.42
                all      0.13      0.00      0.45      0.06      0.00     99.37
start----
                all      2.80      0.00     14.72      0.11      0.00     82.37
                all      5.40      0.00     80.32      0.05      0.00     14.22
                all      0.05      0.00     94.46      0.00      0.00      5.49
                all      0.05      0.00     94.71      0.00      0.00      5.24
                all      0.05      0.00     94.73      0.00      0.00      5.22
                all      0.06      0.00     94.76      0.00      0.00      5.18
                all      4.67      0.00     87.67      0.00      0.00      7.66
                all      0.04      0.00     87.45      0.00      0.00     12.50
                all      0.04      0.00     87.24      0.00      0.00     12.72
                all      0.05      0.00     87.26      0.00      0.00     12.69
                all      0.05      0.00     87.19      0.00      0.00     12.76
                all      0.06      0.00     87.29      0.00      0.00     12.65
                all      6.93      0.00     81.34      0.00      0.00     11.73
                all      2.06      0.00     18.72      0.01      0.00     79.21
end------
                all      0.03      0.00      0.12      0.00      0.00     99.85
                all      0.13      0.00      0.44      0.00      0.00     99.44
                all      0.13      0.00      0.44      0.00      0.00     99.44
                all      0.13      0.00      0.41      0.00      0.00     99.45
End of data collecting unexpected
