
Linux 5.2.8org200301+ (knl03.kisti.re.kr) 	2020년 05월 26일 	_x86_64_	(272 CPU)

                CPU     %user     %nice   %system   %iowait    %steal     %idle
                all      0.03      0.00      0.09      0.00      0.00     99.88
                all      0.02      0.00      0.07      0.15      0.00     99.75
                all      0.02      0.00      0.07      0.36      0.00     99.55
                all      0.01      0.00      0.07      0.37      0.00     99.54
                all      0.01      0.00      0.07      0.35      0.00     99.56
                all      0.02      0.00      0.14      0.25      0.00     99.59
                all      0.02      0.00      0.11      0.07      0.00     99.80
                all      0.05      0.00      0.18      0.00      0.00     99.77
                all      0.07      0.00      0.18      0.08      0.00     99.67
                all      0.05      0.00      0.27      0.01      0.00     99.67
                all      0.01      0.00      0.08      0.00      0.00     99.90
                all      0.02      0.00      0.07      0.00      0.00     99.92
                all      0.01      0.00      0.07      0.00      0.00     99.92
start----
                all      0.35      0.00      6.74      0.02      0.00     92.88
                all      0.07      0.00      4.01      0.00      0.00     95.92
end------
                all      0.06      0.00      0.25      0.00      0.00     99.69
                all      0.11      0.00      0.46      0.00      0.00     99.43
                all      0.13      0.00      0.44      0.00      0.00     99.43
start----
                all      0.28      0.00      1.10      0.02      0.00     98.59
                all      0.15      0.00     10.03      0.00      0.00     89.83
end------
                all      0.01      0.00      0.03      0.00      0.00     99.96
                all      0.11      0.00      0.45      0.00      0.00     99.44
                all      0.12      0.00      0.45      0.04      0.00     99.38
                all      0.11      0.00      0.46      0.03      0.00     99.40
start----
                all      0.34      0.00      6.68      0.02      0.00     92.97
                all      0.07      0.00      4.16      0.00      0.00     95.77
end------
                all      0.06      0.00      0.23      0.00      0.00     99.70
                all      0.11      0.00      0.45      0.00      0.00     99.44
                all      0.11      0.00      0.46      0.08      0.00     99.35
start----
                all      0.31      0.00      1.13      0.02      0.00     98.54
                all      0.21      0.00     11.71      0.00      0.00     88.08
                all      0.07      0.00      8.16      0.01      0.00     91.76
end------
                all      0.01      0.00      0.09      0.00      0.00     99.90
                all      0.12      0.00      0.45      0.00      0.00     99.43
                all      0.11      0.00      0.46      0.07      0.00     99.36
                all      0.13      0.00      0.47      0.00      0.00     99.41
start----
                all      0.24      0.00      8.39      0.02      0.00     91.35
                all      0.18      0.00     11.73      0.00      0.00     88.09
                all      0.06      0.00      0.51      0.00      0.00     99.43
end------
                all      0.10      0.00      0.37      0.00      0.00     99.53
                all      0.12      0.00      0.45      0.00      0.00     99.43
                all      0.11      0.00      0.46      0.07      0.00     99.36
start----
                all      0.28      0.00      4.50      0.01      0.00     95.21
                all      0.11      0.00     11.80      0.00      0.00     88.09
                all      0.06      0.00      4.53      0.00      0.00     95.40
end------
                all      0.06      0.00      0.24      0.00      0.00     99.70
                all      0.11      0.00      0.45      0.00      0.00     99.44
                all      0.12      0.00      0.45      0.00      0.00     99.44
start----
                all      0.23      0.00      0.90      0.03      0.00     98.84
                all      0.13      0.00     11.76      0.00      0.00     88.10
                all      0.23      0.00     12.23      0.00      0.00     87.54
                all      0.01      0.00     11.87      0.00      0.00     88.12
                all      0.08      0.00      4.84      0.00      0.00     95.07
end------
                all      0.06      0.00      0.23      0.00      0.00     99.70
                all      0.11      0.00      0.46      0.00      0.00     99.43
                all      0.11      0.00      0.48      0.00      0.00     99.42
start----
                all      0.12      0.00      0.65      0.02      0.00     99.21
                all      0.23      0.00     11.30      0.00      0.00     88.46
                all      0.44      0.00     12.03      0.00      0.00     87.54
                all      0.01      0.00     11.88      0.00      0.00     88.10
                all      0.11      0.00      5.80      0.00      0.00     94.09
end------
                all      0.01      0.00      0.07      0.00      0.00     99.92
                all      0.11      0.00      0.45      0.00      0.00     99.44
                all      0.11      0.00      0.46      0.07      0.00     99.35
                all      0.11      0.00      0.45      0.00      0.00     99.44
start----
                all      0.27      0.00      8.31      0.02      0.00     91.40
                all      0.04      0.00     12.27      0.00      0.00     87.68
                all      0.42      0.00     11.75      0.00      0.00     87.83
                all      0.13      0.00      9.21      0.00      0.00     90.66
end------
                all      0.01      0.00      0.04      0.00      0.00     99.95
                all      0.11      0.00      0.46      0.00      0.00     99.43
                all      0.11      0.00      0.46      0.07      0.00     99.36
                all      0.11      0.00      0.46      0.01      0.00     99.42
start----
                all      0.28      0.00      7.13      0.03      0.00     92.57
                all      0.04      0.00     12.21      0.00      0.00     87.75
                all      0.04      0.00     12.47      0.00      0.00     87.49
                all      0.04      0.00      8.19      4.17      0.00     87.59
                all      1.99      0.00      9.42      1.03      0.00     87.57
                all      0.02      0.00     11.90      0.00      0.00     88.07
                all      0.02      0.00     11.86      0.00      0.00     88.12
                all      0.12      0.00     11.60      0.00      0.00     88.28
                all      0.02      0.00      0.07      0.00      0.00     99.91
end------
                all      0.10      0.00      0.38      0.00      0.00     99.52
                all      0.11      0.00      0.46      0.00      0.00     99.43
                all      0.11      0.00      0.45      0.00      0.00     99.44
start----
                all      0.29      0.00      4.85      0.02      0.00     94.84
                all      0.04      0.00     12.03      0.00      0.00     87.93
                all      0.04      0.00     12.37      0.00      0.00     87.59
                all      0.04      0.00      9.06      3.25      0.00     87.66
                all      4.35      0.00      3.29      4.56      0.00     87.79
                all      0.29      0.00     12.04      0.00      0.00     87.68
                all      0.01      0.00     11.87      0.00      0.00     88.11
                all      0.01      0.00     11.87      0.00      0.00     88.11
                all      0.28      0.00      7.02      0.00      0.00     92.70
end------
                all      0.03      0.00      0.10      0.00      0.00     99.87
                all      0.13      0.00      0.46      0.00      0.00     99.41
                all      0.11      0.00      0.45      0.00      0.00     99.44
start----
                all      0.11      0.00      0.42      0.00      0.00     99.47
                all      0.23      0.00      9.38      0.03      0.00     90.36
                all      0.04      0.00     12.26      0.00      0.00     87.70
                all      0.04      0.00     12.38      0.00      0.00     87.59
                all      0.04      0.00      4.72      7.54      0.00     87.70
                all      4.81      0.00      6.19      1.24      0.00     87.76
                all      0.25      0.00     11.88      0.00      0.00     87.87
                all      0.02      0.00     11.86      0.00      0.00     88.12
                all      0.02      0.00     11.88      0.00      0.00     88.10
                all      0.18      0.00      3.45      0.01      0.00     96.36
end------
                all      0.07      0.00      0.27      0.00      0.00     99.66
                all      0.12      0.00      0.45      0.00      0.00     99.43
                all      0.11      0.00      0.45      0.00      0.00     99.43
start----
                all      0.39      0.00      1.80      0.04      0.00     97.77
                all      0.63      0.00     20.43      0.01      0.00     78.94
                all      0.01      0.00      0.05      0.00      0.00     99.94
end------
                all      0.10      0.00      0.40      0.00      0.00     99.50
                all      0.11      0.00      0.45      0.02      0.00     99.42
                all      0.12      0.00      0.47      0.06      0.00     99.36
start----
                all      0.66      0.00     10.66      0.05      0.00     88.63
                all      0.31      0.00     11.42      0.00      0.00     88.26
end------
                all      0.05      0.00      0.18      0.00      0.00     99.77
                all      0.12      0.00      0.45      0.00      0.00     99.43
                all      0.13      0.00      0.45      0.00      0.00     99.42
start----
                all      0.10      0.00      0.40      0.00      0.00     99.49
                all      0.76      0.00     19.80      0.06      0.00     79.37
                all      0.12      0.00      2.35      0.00      0.00     97.53
end------
                all      0.10      0.00      0.36      0.00      0.00     99.54
                all      0.12      0.00      0.46      0.00      0.00     99.42
                all      0.11      0.00      0.46      0.00      0.00     99.43
start----
                all      0.68      0.00      5.85      0.05      0.00     93.42
                all      0.39      0.00     23.56      0.00      0.00     76.05
                all      0.14      0.00     12.55      0.00      0.00     87.31
end------
                all      0.04      0.00      0.16      0.00      0.00     99.81
                all      0.11      0.00      0.45      0.00      0.00     99.44
                all      0.12      0.00      0.44      0.07      0.00     99.36
start----
                all      0.10      0.00      0.41      0.01      0.00     99.48
                all      0.62      0.00     18.87      0.04      0.00     80.46
                all      0.49      0.00     22.40      0.00      0.00     77.11
                all      0.01      0.00      0.06      0.01      0.00     99.91
end------
                all      0.10      0.00      0.41      0.00      0.00     99.49
                all      0.11      0.00      0.45      0.00      0.00     99.44
                all      0.12      0.00      0.45      0.00      0.00     99.43
start----
                all      0.67      0.00      9.21      0.07      0.00     90.05
                all      0.26      0.00     23.51      0.00      0.00     76.23
                all      0.14      0.00      8.92      0.00      0.00     90.94
end------
                all      0.06      0.00      0.21      0.00      0.00     99.73
                all      0.10      0.00      0.46      0.00      0.00     99.44
                all      0.11      0.00      0.46      0.07      0.00     99.36
start----
                all      0.21      0.00      1.23      0.04      0.00     98.52
                all      0.46      0.00     22.30      0.01      0.00     77.23
                all      1.35      0.00     22.94      0.00      0.00     75.71
                all      0.01      0.00     23.68      0.00      0.00     76.31
                all      0.22      0.00     12.39      0.00      0.00     87.38
end------
                all      0.04      0.00      0.16      0.00      0.00     99.80
                all      0.11      0.00      0.46      0.00      0.00     99.44
                all      0.11      0.00      0.45      0.00      0.00     99.43
start----
                all      0.12      0.00      0.40      0.00      0.00     99.48
                all      0.69      0.00     18.76      0.08      0.00     80.46
                all      0.69      0.00     23.48      0.00      0.00     75.82
                all      0.40      0.00     23.38      0.00      0.00     76.22
                all      0.22      0.00     16.96      0.00      0.00     82.82
                all      0.02      0.00      0.05      0.01      0.00     99.93
end------
                all      0.10      0.00      0.42      0.00      0.00     99.49
                all      0.13      0.00      0.44      0.00      0.00     99.44
                all      0.11      0.00      0.46      0.00      0.00     99.43
start----
                all      0.59      0.00      9.81      0.07      0.00     89.53
                all      0.03      0.00     23.94      0.00      0.00     76.03
                all      0.36      0.00     23.49      0.02      0.00     76.13
                all      0.16      0.00     23.54      0.00      0.00     76.30
                all      0.38      0.00      1.27      0.00      0.00     98.34
end------
                all      0.08      0.00      0.33      0.00      0.00     99.58
                all      0.10      0.00      0.47      0.00      0.00     99.43
                all      0.11      0.00      0.45      0.07      0.00     99.36
start----
                all      0.63      0.00      6.90      0.06      0.00     92.41
                all      0.04      0.00     23.87      0.00      0.00     76.09
                all      0.04      0.00     24.22      0.02      0.00     75.72
                all      0.04      0.00     24.15      0.00      0.00     75.80
                all      0.79      0.00     23.22      0.01      0.00     75.97
                all      0.01      0.00     23.69      0.02      0.00     76.27
                all      0.02      0.00     23.69      0.00      0.00     76.29
                all      0.57      0.00     18.74      0.01      0.00     80.68
end------
                all      0.01      0.00      0.04      0.00      0.00     99.95
                all      0.11      0.00      0.46      0.00      0.00     99.43
                all      0.11      0.00      0.47      0.00      0.00     99.42
                all      0.11      0.00      0.46      0.00      0.00     99.44
start----
                all      0.64      0.00     12.23      0.04      0.00     87.09
                all      0.05      0.00     23.93      0.00      0.00     76.02
                all      0.05      0.00     24.28      0.01      0.00     75.66
                all      0.49      0.00     23.76      0.01      0.00     75.75
                all      0.39      0.00     23.36      0.01      0.00     76.24
                all      0.04      0.00     23.82      0.00      0.00     76.14
                all      0.01      0.00     23.69      0.00      0.00     76.30
                all      0.68      0.00     14.15      0.00      0.00     85.17
end------
                all      0.02      0.00      0.09      0.00      0.00     99.90
                all      0.13      0.00      0.44      0.00      0.00     99.43
                all      0.12      0.00      0.45      0.07      0.00     99.36
start----
                all      0.11      0.00      0.44      0.00      0.00     99.45
                all      0.83      0.00     16.33      0.04      0.00     82.81
                all      0.04      0.00     24.02      0.00      0.00     75.93
                all      0.04      0.00     24.16      0.01      0.00     75.79
                all      0.49      0.00     23.72      0.00      0.00     75.78
                all      0.35      0.00     23.51      0.01      0.00     76.12
                all      0.01      0.00     23.69      0.00      0.00     76.29
                all      0.02      0.00     23.68      0.00      0.00     76.30
                all      0.54      0.00      9.44      0.04      0.00     89.98
end------
                all      0.04      0.00      0.17      0.00      0.00     99.79
                all      0.13      0.00      0.45      0.00      0.00     99.42
                all      0.13      0.00      0.46      0.07      0.00     99.34
start----
                all      0.10      0.00      0.39      0.01      0.00     99.49
                all      2.68      0.00     36.34      0.07      0.00     60.91
                all      0.56      0.00     26.50      0.00      0.00     72.93
end------
                all      0.03      0.00      0.09      0.00      0.00     99.88
                all      0.13      0.00      0.45      0.00      0.00     99.43
                all      0.12      0.00      0.45      0.00      0.00     99.43
start----
                all      0.11      0.00      0.45      0.00      0.00     99.44
                all      2.16      0.00     27.78      0.07      0.00     69.99
                all      1.08      0.00     35.21      0.00      0.00     63.71
end------
                all      0.02      0.00      0.04      0.00      0.00     99.94
                all      0.12      0.00      0.44      0.00      0.00     99.44
                all      0.11      0.00      0.46      0.04      0.00     99.39
                all      0.11      0.00      0.46      0.04      0.00     99.39
start----
                all      2.14      0.00     18.70      0.07      0.00     79.08
                all      1.13      0.00     44.33      0.00      0.00     54.55
                all      0.02      0.00      0.13      0.00      0.00     99.85
end------
                all      0.10      0.00      0.38      0.00      0.00     99.52
                all      0.13      0.00      0.44      0.00      0.00     99.44
                all      0.12      0.00      0.46      0.07      0.00     99.35
start----
                all      2.09      0.00     10.00      0.09      0.00     87.82
                all      0.07      0.00     47.44      0.00      0.00     52.49
                all      0.67      0.00     45.71      0.00      0.00     53.62
                all      0.55      0.00     10.31      0.00      0.00     89.13
end------
                all      0.06      0.00      0.23      0.00      0.00     99.71
                all      0.13      0.00      0.45      0.00      0.00     99.42
                all      0.13      0.00      0.44      0.00      0.00     99.43
start----
                all      0.37      0.00      3.76      0.04      0.00     95.83
                all      1.85      0.00     41.17      0.04      0.00     56.95
                all      0.68      0.00     46.03      0.00      0.00     53.28
                all      0.55      0.00     22.66      0.01      0.00     76.78
end------
                all      0.02      0.00      0.13      0.00      0.00     99.86
                all      0.13      0.00      0.44      0.00      0.00     99.43
                all      0.11      0.00      0.46      0.08      0.00     99.35
start----
                all      0.12      0.00      0.40      0.00      0.00     99.47
                all      2.26      0.00     31.27      0.07      0.00     66.40
                all      0.62      0.00     46.37      0.00      0.00     53.01
                all      0.55      0.00     34.88      0.00      0.00     64.57
                all      0.02      0.00      0.08      0.00      0.00     99.90
end------
                all      0.10      0.00      0.34      0.00      0.00     99.56
                all      0.12      0.00      0.46      0.00      0.00     99.42
                all      0.13      0.00      0.45      0.07      0.00     99.36
start----
                all      2.26      0.00      8.87      0.06      0.00     88.81
                all      0.09      0.00     47.51      0.00      0.00     52.39
                all      0.07      0.00     48.08      0.00      0.00     51.85
                all      0.81      0.00     44.56      0.04      0.00     54.58
                all      0.12      0.00     46.35      0.00      0.00     53.53
                all      1.66      0.00     16.50      0.01      0.00     81.84
end------
                all      0.03      0.00      0.11      0.00      0.00     99.86
                all      0.13      0.00      0.44      0.00      0.00     99.43
                all      0.12      0.00      0.46      0.00      0.00     99.42
                all      0.13      0.00      0.44      0.00      0.00     99.43
start----
                all      2.13      0.00     25.26      0.16      0.00     72.46
                all      0.04      0.00     47.56      0.00      0.00     52.40
                all      0.78      0.00     46.26      0.00      0.00     52.97
                all      0.02      0.00     46.29      0.01      0.00     53.68
                all      1.42      0.00     45.15      0.00      0.00     53.43
                all      0.04      0.00      2.95      0.01      0.00     97.00
end------
                all      0.08      0.00      0.32      0.00      0.00     99.60
                all      0.11      0.00      0.46      0.00      0.00     99.43
                all      0.12      0.00      0.46      0.00      0.00     99.42
start----
                all      1.16      0.00      6.50      0.08      0.00     92.27
                all      1.02      0.00     45.77      0.05      0.00     53.16
                all      0.04      0.00     47.82      0.01      0.00     52.13
                all      0.72      0.00     45.71      0.05      0.00     53.52
                all      0.01      0.00     46.39      0.00      0.00     53.60
                all      0.89      0.00     21.36      0.00      0.00     77.75
end------
                all      0.01      0.00      0.06      0.00      0.00     99.93
                all      0.13      0.00      0.44      0.00      0.00     99.43
                all      0.12      0.00      0.45      0.08      0.00     99.35
                all      0.14      0.00      0.47      0.00      0.00     99.39
start----
                all      2.19      0.00     23.81      0.05      0.00     73.94
                all      0.03      0.00     47.54      0.00      0.00     52.42
                all      0.04      0.00     48.03      0.00      0.00     51.94
                all      0.04      0.00     48.04      0.00      0.00     51.92
                all      1.30      0.00     46.77      0.00      0.00     51.92
                all      0.71      0.00     46.15      0.00      0.00     53.14
                all      0.01      0.00     46.42      0.00      0.00     53.57
                all      0.01      0.00     46.39      0.00      0.00     53.59
                all      0.01      0.00     46.37      0.00      0.00     53.61
                all      0.85      0.00     30.00      0.00      0.00     69.14
end------
                all      0.02      0.00      0.07      0.00      0.00     99.92
                all      0.12      0.00      0.45      0.00      0.00     99.44
                all      0.13      0.00      0.45      0.00      0.00     99.43
                all      0.12      0.00      0.45      0.00      0.00     99.43
start----
                all      2.15      0.00     23.63      0.06      0.00     74.15
                all      0.03      0.00     47.53      0.00      0.00     52.43
                all      0.03      0.00     48.01      0.00      0.00     51.95
                all      0.04      0.00     48.07      0.00      0.00     51.89
                all      1.34      0.00     46.73      0.00      0.00     51.92
                all      0.82      0.00     46.22      0.00      0.00     52.96
                all      0.01      0.00     46.38      0.00      0.00     53.61
                all      0.01      0.00     46.38      0.00      0.00     53.60
                all      0.02      0.00     46.32      0.00      0.00     53.66
                all      0.67      0.00     31.07      0.00      0.00     68.25
                all      0.01      0.00      0.07      0.00      0.00     99.91
end------
                all      0.10      0.00      0.39      0.00      0.00     99.51
                all      0.13      0.00      0.44      0.00      0.00     99.43
                all      0.12      0.00      0.44      0.08      0.00     99.35
start----
                all      2.15      0.00     13.71      0.06      0.00     84.09
                all      0.05      0.00     47.51      0.00      0.00     52.45
                all      0.03      0.00     47.98      0.00      0.00     51.98
                all      0.04      0.00     48.06      0.00      0.00     51.90
                all      0.04      0.00     48.01      0.00      0.00     51.95
                all      1.93      0.00     45.58      0.00      0.00     52.49
                all      0.03      0.00     46.46      0.00      0.00     53.51
                all      0.02      0.00     46.39      0.00      0.00     53.59
                all      0.01      0.00     46.32      0.00      0.00     53.67
                all      0.81      0.00     43.42      0.00      0.00     55.77
                all      0.03      0.00      0.10      0.00      0.00     99.87
end------
                all      0.07      0.00      0.29      0.00      0.00     99.63
                all      0.12      0.00      0.44      0.00      0.00     99.44
                all      0.12      0.00      0.45      0.07      0.00     99.35
start----
                all      0.47      0.00      9.16      0.19      0.00     90.18
                all     13.09      0.00     47.78      0.12      0.00     39.02
                all      5.31      0.00     81.75      0.00      0.00     12.94
                all      5.25      0.00     74.64      0.01      0.00     20.09
                all      0.03      0.00      1.08      0.00      0.00     98.89
end------
                all      0.06      0.00      0.28      0.00      0.00     99.66
                all      0.12      0.00      0.44      0.00      0.00     99.44
                all      0.12      0.00      0.47      0.07      0.00     99.34
start----
                all      0.70      0.00     11.17      0.20      0.00     87.93
                all     10.45      0.00     45.98      0.11      0.00     43.46
                all      5.52      0.00     82.51      0.00      0.00     11.97
                all      5.23      0.00     63.49      0.00      0.00     31.28
                all      0.03      0.00      0.14      0.00      0.00     99.83
end------
                all      0.06      0.00      0.24      0.00      0.00     99.70
                all      0.12      0.00      0.45      0.00      0.00     99.43
                all      0.12      0.00      0.45      0.08      0.00     99.35
start----
                all      0.38      0.00      3.78      0.14      0.00     95.70
                all     12.43      0.00     44.70      0.07      0.00     42.80
                all      5.67      0.00     81.62      0.00      0.00     12.70
                all      5.50      0.00     74.10      0.00      0.00     20.40
                all      0.03      0.00      1.83      0.00      0.00     98.14
end------
                all      0.04      0.00      0.17      0.00      0.00     99.79
                all      0.13      0.00      0.44      0.00      0.00     99.44
                all      0.13      0.00      0.44      0.00      0.00     99.43
start----
                all      0.11      0.00      0.40      0.00      0.00     99.49
                all      8.92      0.00     42.54      0.27      0.00     48.27
                all      3.98      0.00     81.75      0.00      0.00     14.36
                all      0.06      0.00     87.60      0.00      0.00     12.34
                all      4.27      0.00     46.95      0.00      0.00     48.78
end------
                all      0.01      0.00      0.05      0.00      0.00     99.93
                all      0.11      0.00      0.43      0.00      0.00     99.46
                all      0.13      0.00      0.45      0.00      0.00     99.42
                all      0.12      0.00      0.45      0.00      0.00     99.43
start----
                all      2.94      0.00     13.89      0.14      0.00     83.03
                all      9.72      0.00     69.10      0.10      0.00     21.08
                all      2.86      0.00     85.20      0.00      0.00     11.93
                all      5.30      0.00     82.20      0.00      0.00     12.49
                all      0.08      0.00      4.98      0.00      0.00     94.94
end------
                all      0.03      0.00      0.11      0.00      0.00     99.86
                all      0.12      0.00      0.45      0.00      0.00     99.44
                all      0.12      0.00      0.45      0.08      0.00     99.35
start----
                all      0.11      0.00      0.42      0.00      0.00     99.47
                all      4.99      0.00     35.36      0.17      0.00     59.48
                all      7.07      0.00     79.05      0.02      0.00     13.86
                all      0.06      0.00     87.63      0.00      0.00     12.31
                all      5.41      0.00     58.03      0.01      0.00     36.56
                all      0.03      0.00      0.10      0.00      0.00     99.88
end------
                all      0.09      0.00      0.36      0.00      0.00     99.55
                all      0.12      0.00      0.45      0.00      0.00     99.43
                all      0.13      0.00      0.53      0.08      0.00     99.26
start----
                all      1.03      0.00     13.04      0.04      0.00     85.89
                all     12.10      0.00     62.51      0.37      0.00     25.01
                all      2.75      0.00     86.16      0.00      0.00     11.09
                all      1.75      0.00     86.33      0.00      0.00     11.92
                all      0.04      0.00     87.54      0.00      0.00     12.42
                all      0.97      0.00     86.73      0.00      0.00     12.30
                all      2.96      0.00     29.70      0.00      0.00     67.34
end------
                all      0.02      0.00      0.07      0.00      0.00     99.90
                all      0.12      0.00      0.45      0.00      0.00     99.43
                all      0.13      0.00      0.44      0.00      0.00     99.44
                all      0.13      0.00      0.44      0.00      0.00     99.44
start----
                all      4.10      0.00     30.52      0.13      0.00     65.25
                all      5.20      0.00     80.15      0.26      0.00     14.39
                all      3.17      0.00     85.71      0.00      0.00     11.12
                all      0.04      0.00     87.51      0.00      0.00     12.45
                all      0.05      0.00     87.52      0.00      0.00     12.42
                all      6.89      0.00     78.80      0.00      0.00     14.30
                all      0.05      0.00      3.35      0.01      0.00     96.60
end------
                all      0.04      0.00      0.14      0.00      0.00     99.81
                all      0.11      0.00      0.45      0.00      0.00     99.44
                all      0.14      0.00      0.45      0.07      0.00     99.33
start----
                all      0.11      0.00      0.41      0.00      0.00     99.47
                all      5.39      0.00     38.38      0.16      0.00     56.07
                all      4.05      0.00     81.91      0.02      0.00     14.02
                all      3.31      0.00     83.77      0.00      0.00     12.92
                all      0.05      0.00     87.45      0.00      0.00     12.50
                all      0.03      0.00     87.39      0.00      0.00     12.57
                all      8.17      0.00     70.86      0.00      0.00     20.97
                all      0.04      0.00      0.40      0.00      0.00     99.56
end------
                all      0.06      0.00      0.21      0.00      0.00     99.73
                all      0.12      0.00      0.44      0.00      0.00     99.44
                all      0.13      0.00      0.44      0.07      0.00     99.35
start----
                all      0.14      0.00      1.21      0.03      0.00     98.62
                all     10.06      0.00     46.92      0.11      0.00     42.90
                all      0.08      0.00     88.07      0.00      0.00     11.85
                all      0.08      0.00     88.70      0.00      0.00     11.22
                all      3.62      0.00     88.43      0.00      0.00      7.95
                all      3.05      0.00     83.03      0.00      0.00     13.92
                all      0.04      0.00     87.47      0.00      0.00     12.49
                all      0.04      0.00     87.43      0.00      0.00     12.52
                all      0.06      0.00     87.42      0.00      0.00     12.52
                all      0.04      0.00     87.50      0.00      0.00     12.46
                all      7.47      0.00     81.23      0.00      0.00     11.30
                all      0.09      0.00     22.18      0.00      0.00     77.73
end------
                all      0.01      0.00      0.05      0.00      0.00     99.94
                all      0.12      0.00      0.45      0.00      0.00     99.43
                all      0.12      0.00      0.44      0.06      0.00     99.38
                all      0.13      0.00      0.45      0.01      0.00     99.41
start----
                all      2.94      0.00     29.06      0.20      0.00     67.81
                all     11.22      0.00     69.65      0.12      0.00     19.01
                all      0.09      0.00     88.41      0.00      0.00     11.50
                all      0.08      0.00     88.95      0.00      0.00     10.97
                all      3.63      0.00     87.39      0.00      0.00      8.97
                all      0.04      0.00     87.53      0.00      0.00     12.42
                all      0.04      0.00     87.42      0.00      0.00     12.53
                all      0.05      0.00     87.57      0.00      0.00     12.38
                all      0.05      0.00     87.57      0.00      0.00     12.37
                all      0.05      0.00     87.47      0.00      0.00     12.47
                all      5.02      0.00     51.11      0.00      0.00     43.87
                all      0.03      0.00      0.08      0.00      0.00     99.88
end------
                all      0.10      0.00      0.39      0.00      0.00     99.51
                all      0.12      0.00      0.44      0.00      0.00     99.44
                all      0.12      0.00      0.45      0.00      0.00     99.43
start----
                all      1.07      0.00     13.08      0.05      0.00     85.80
                all     12.02      0.00     66.26      0.22      0.00     21.50
                all      0.08      0.00     88.24      0.00      0.00     11.68
                all      0.07      0.00     88.85      0.00      0.00     11.09
                all      1.56      0.00     87.69      0.00      0.00     10.76
                all      3.72      0.00     88.68      0.00      0.00      7.60
                all      0.04      0.00     87.51      0.00      0.00     12.45
                all      0.04      0.00     87.42      0.00      0.00     12.54
                all      0.04      0.00     87.45      0.00      0.00     12.50
                all      0.05      0.00     87.39      0.00      0.00     12.56
                all      0.04      0.00     87.53      0.00      0.00     12.42
                all      5.84      0.00     75.31      0.00      0.00     18.84
                all      0.03      0.00      1.88      0.00      0.00     98.08
end------
                all      0.05      0.00      0.18      0.00      0.00     99.77
                all      0.13      0.00      0.45      0.00      0.00     99.43
                all      0.12      0.00      0.45      0.00      0.00     99.42
                all      0.11      0.00      0.42      0.01      0.00     99.46
End of data collecting unexpected
