
Linux 5.2.8200225+ (knl03.kisti.re.kr) 	2020년 04월 04일 	_x86_64_	(272 CPU)

                CPU     %user     %nice   %system   %iowait    %steal     %idle
                all      0.03      0.00      0.10      0.00      0.00     99.87
                all      0.03      0.00      0.08      0.15      0.00     99.74
                all      0.02      0.00      0.07      0.37      0.00     99.54
                all      0.02      0.00      0.07      0.37      0.00     99.54
                all      0.02      0.00      0.09      0.06      0.00     99.83
                all      0.02      0.00      0.15      0.24      0.00     99.59
                all      0.03      0.00      0.11      0.03      0.00     99.83
                all      0.04      0.00      0.12      0.00      0.00     99.84
                all      0.10      0.00      0.27      0.01      0.00     99.62
                all      0.02      0.00      0.08      0.00      0.00     99.90
                all      0.01      0.00      0.07      0.00      0.00     99.92
                all      0.01      0.00      0.08      0.00      0.00     99.91
start----
                all      0.07      0.00      0.87      0.01      0.00     99.05
                all      0.13      0.00      2.81      0.00      0.00     97.06
                all      0.03      0.00      0.09      0.00      0.00     99.88
                all      0.02      0.00      0.08      0.00      0.00     99.90
                all      0.01      0.00      0.09      0.00      0.00     99.90
                all      0.01      0.00      0.08      0.00      0.00     99.91
                all      0.08      0.00      1.57      0.02      0.00     98.32
                all      0.07      0.00      2.01      0.01      0.00     97.92
end------
                all      0.03      0.00      0.10      0.00      0.00     99.87
                all      0.11      0.00      0.47      0.00      0.00     99.42
                all      0.12      0.00      0.46      0.07      0.00     99.35
start----
                all      0.10      0.00      0.44      0.00      0.00     99.45
                all      0.10      0.00      2.45      0.01      0.00     97.44
                all      0.04      0.00      1.14      0.00      0.00     98.82
end------
                all      0.06      0.00      0.24      0.00      0.00     99.70
                all      0.11      0.00      0.47      0.00      0.00     99.42
                all      0.11      0.00      0.46      0.07      0.00     99.35
start----
                all      0.13      0.00      0.65      0.03      0.00     99.20
                all      0.04      0.00      3.01      0.00      0.00     96.95
                all      0.05      0.00      2.99      0.00      0.00     96.95
                all      0.05      0.00      0.71      0.01      0.00     99.24
end------
                all      0.04      0.00      0.21      0.00      0.00     99.75
                all      0.11      0.00      0.45      0.00      0.00     99.44
                all      0.12      0.00      0.45      0.00      0.00     99.43
start----
                all      0.10      0.00      0.47      0.01      0.00     99.42
                all      0.08      0.00      2.95      0.00      0.00     96.96
                all      0.06      0.00      2.99      0.00      0.00     96.95
                all      0.04      0.00      0.92      0.00      0.00     99.03
end------
                all      0.06      0.00      0.26      0.00      0.00     99.68
                all      0.10      0.00      0.47      0.00      0.00     99.42
                all      0.11      0.00      0.47      0.07      0.00     99.35
start----
                all      0.13      0.00      0.75      0.02      0.00     99.10
                all      0.03      0.00      3.02      0.00      0.00     96.95
                all      0.05      0.00      2.99      0.00      0.00     96.96
                all      0.05      0.00      0.46      0.00      0.00     99.49
end------
                all      0.06      0.00      0.23      0.00      0.00     99.71
                all      0.11      0.00      0.46      0.00      0.00     99.42
                all      0.11      0.00      0.45      0.07      0.00     99.37
start----
                all      0.13      0.00      0.69      0.02      0.00     99.16
                all      0.03      0.00      3.01      0.00      0.00     96.96
                all      0.03      0.00      3.22      0.00      0.00     96.75
                all      0.08      0.00      3.44      0.00      0.00     96.47
                all      0.02      0.00      3.04      0.00      0.00     96.95
                all      0.09      0.00      1.51      0.00      0.00     98.39
end------
                all      0.02      0.00      0.09      0.00      0.00     99.89
                all      0.11      0.00      0.46      0.00      0.00     99.42
                all      0.14      0.00      0.53      0.00      0.00     99.32
start----
                all      0.11      0.00      0.46      0.00      0.00     99.43
                all      0.07      0.00      2.32      0.02      0.00     97.60
                all      0.03      0.00      3.00      0.00      0.00     96.97
                all      0.03      0.00      3.51      0.00      0.00     96.45
                all      0.06      0.00      3.15      0.00      0.00     96.79
                all      0.11      0.00      2.52      0.00      0.00     97.37
                all      0.02      0.00      0.08      0.00      0.00     99.91
end------
                all      0.10      0.00      0.38      0.00      0.00     99.52
                all      0.11      0.00      0.46      0.00      0.00     99.43
                all      0.12      0.00      0.46      0.00      0.00     99.42
start----
                all      0.12      0.00      1.34      0.02      0.00     98.52
                all      0.04      0.00      3.01      0.00      0.00     96.96
                all      0.03      0.00      3.38      0.00      0.00     96.59
                all      0.65      0.00      2.94      0.00      0.00     96.41
                all      0.04      0.00      3.04      0.00      0.00     96.92
                all      0.07      0.00      1.54      0.01      0.00     98.38
end------
                all      0.01      0.00      0.06      0.00      0.00     99.93
                all      0.11      0.00      0.47      0.00      0.00     99.42
                all      0.11      0.00      0.46      0.08      0.00     99.35
                all      0.12      0.00      0.45      0.00      0.00     99.43
start----
                all      0.08      0.00      2.18      0.01      0.00     97.72
                all      0.03      0.00      3.01      0.00      0.00     96.97
                all      0.03      0.00      3.55      0.00      0.00     96.42
                all      0.04      0.00      3.58      0.00      0.00     96.38
                all      0.04      0.00      3.52      0.01      0.00     96.44
                all      0.03      0.00      3.40      0.08      0.00     96.49
                all      0.03      0.00      1.79      1.63      0.00     96.56
                all      0.20      0.00      2.70      0.29      0.00     96.81
                all      0.01      0.00      3.01      0.00      0.00     96.97
                all      0.02      0.00      3.02      0.00      0.00     96.96
                all      0.18      0.00      0.84      0.00      0.00     98.98
end------
                all      0.06      0.00      0.24      0.00      0.00     99.70
                all      0.11      0.00      0.46      0.00      0.00     99.43
                all      0.12      0.00      0.46      0.08      0.00     99.34
start----
                all      0.13      0.00      0.71      0.02      0.00     99.14
                all      0.03      0.00      3.01      0.00      0.00     96.96
                all      0.03      0.00      3.14      0.00      0.00     96.83
                all      0.03      0.00      3.52      0.00      0.00     96.44
                all      0.03      0.00      3.47      0.00      0.00     96.50
                all      0.04      0.00      3.50      0.00      0.00     96.46
                all      0.03      0.00      2.84      0.60      0.00     96.53
                all      0.19      0.00      2.17      1.02      0.00     96.61
                all      0.01      0.00      3.02      0.00      0.00     96.97
                all      0.01      0.00      3.03      0.00      0.00     96.96
                all      0.10      0.00      2.27      0.00      0.00     97.63
end------
                all      0.01      0.00      0.05      0.00      0.00     99.93
                all      0.11      0.00      0.44      0.00      0.00     99.46
                all      0.12      0.00      0.46      0.00      0.00     99.42
                all      0.11      0.00      0.46      0.00      0.00     99.43
start----
                all      0.10      0.00      1.57      0.02      0.00     98.31
                all      0.03      0.00      3.01      0.00      0.00     96.95
                all      0.03      0.00      3.34      0.00      0.00     96.63
                all      0.03      0.00      3.55      0.00      0.00     96.42
                all      0.03      0.00      3.58      0.00      0.00     96.39
                all      0.05      0.00      3.57      0.00      0.00     96.37
                all      0.03      0.00      2.41      1.06      0.00     96.51
                all      0.13      0.00      2.69      0.41      0.00     96.77
                all      0.01      0.00      3.03      0.00      0.00     96.95
                all      0.01      0.00      3.03      0.00      0.00     96.95
                all      0.33      0.00      1.12      0.01      0.00     98.54
end------
                all      0.06      0.00      0.21      0.00      0.00     99.73
                all      0.12      0.00      0.45      0.00      0.00     99.43
                all      0.11      0.00      0.45      0.07      0.00     99.37
start----
                all      0.11      0.00      0.53      0.01      0.00     99.34
                all      0.16      0.00      5.29      0.01      0.00     94.54
                all      0.01      0.00      0.05      0.00      0.00     99.94
end------
                all      0.10      0.00      0.42      0.00      0.00     99.48
                all      0.12      0.00      0.46      0.02      0.00     99.40
                all      0.11      0.00      0.46      0.06      0.00     99.37
start----
                all      0.17      0.00      3.15      0.03      0.00     96.66
                all      0.06      0.00      2.41      0.00      0.00     97.53
end------
                all      0.04      0.00      0.22      0.00      0.00     99.74
                all      0.12      0.00      0.45      0.00      0.00     99.43
                all      0.12      0.00      0.45      0.00      0.00     99.43
start----
                all      0.17      0.00      0.62      0.02      0.00     99.18
                all      0.51      0.00      5.41      0.00      0.00     94.07
                all      0.02      0.00      0.07      0.00      0.00     99.91
end------
                all      0.09      0.00      0.40      0.00      0.00     99.51
                all      0.10      0.00      0.47      0.00      0.00     99.42
                all      0.11      0.00      0.46      0.07      0.00     99.35
start----
                all      0.17      0.00      2.71      0.02      0.00     97.11
                all      0.05      0.00      5.95      0.00      0.00     94.00
                all      0.05      0.00      2.04      0.00      0.00     97.90
end------
                all      0.06      0.00      0.27      0.00      0.00     99.67
                all      0.11      0.00      0.45      0.00      0.00     99.44
                all      0.11      0.00      0.46      0.00      0.00     99.43
start----
                all      0.18      0.00      0.95      0.02      0.00     98.85
                all      0.06      0.00      5.93      0.00      0.00     94.00
                all      0.05      0.00      3.95      0.01      0.00     95.99
end------
                all      0.03      0.00      0.13      0.00      0.00     99.85
                all      0.12      0.00      0.45      0.00      0.00     99.43
                all      0.13      0.00      0.45      0.00      0.00     99.43
start----
                all      0.11      0.00      0.43      0.00      0.00     99.46
                all      0.14      0.00      4.64      0.02      0.00     95.20
                all      0.07      0.00      5.92      0.00      0.00     94.02
end------
                all      0.02      0.00      0.07      0.00      0.00     99.92
                all      0.10      0.00      0.42      0.00      0.00     99.48
                all      0.13      0.00      0.46      0.00      0.00     99.41
                all      0.11      0.00      0.46      0.00      0.00     99.43
start----
                all      0.17      0.00      2.76      0.01      0.00     97.05
                all      0.04      0.00      6.07      0.00      0.00     93.89
                all      0.13      0.00      6.13      0.00      0.00     93.74
                all      0.02      0.00      6.02      0.00      0.00     93.95
                all      0.53      0.00      0.59      0.00      0.00     98.88
end------
                all      0.09      0.00      0.34      0.00      0.00     99.57
                all      0.10      0.00      0.46      0.00      0.00     99.44
                all      0.11      0.00      0.45      0.00      0.00     99.43
start----
                all      0.18      0.00      1.72      0.02      0.00     98.08
                all      0.04      0.00      6.00      0.00      0.00     93.96
                all      0.31      0.00      6.10      0.01      0.00     93.58
                all      0.02      0.00      6.01      0.01      0.00     93.97
                all      0.53      0.00      1.99      0.00      0.00     97.48
end------
                all      0.02      0.00      0.12      0.00      0.00     99.86
                all      0.11      0.00      0.46      0.00      0.00     99.44
                all      0.11      0.00      0.46      0.07      0.00     99.36
start----
                all      0.10      0.00      0.42      0.00      0.00     99.48
                all      0.14      0.00      4.97      0.01      0.00     94.88
                all      0.04      0.00      6.29      0.00      0.00     93.67
                all      0.14      0.00      5.97      0.00      0.00     93.89
                all      0.52      0.00      4.20      0.00      0.00     95.29
                all      0.04      0.00      0.14      0.01      0.00     99.81
end------
                all      0.09      0.00      0.37      0.00      0.00     99.55
                all      0.12      0.00      0.44      0.00      0.00     99.44
                all      0.12      0.00      0.45      0.00      0.00     99.43
start----
                all      0.17      0.00      2.50      0.02      0.00     97.31
                all      0.04      0.00      6.05      0.00      0.00     93.91
                all      0.04      0.00      6.44      0.01      0.00     93.51
                all      0.04      0.00      6.01      0.47      0.00     93.48
                all      0.03      0.00      2.76      3.64      0.00     93.57
                all      0.55      0.00      4.80      0.83      0.00     93.82
                all      0.01      0.00      5.97      0.00      0.00     94.02
                all      0.02      0.00      5.98      0.00      0.00     94.00
                all      0.53      0.00      2.68      0.00      0.00     96.79
end------
                all      0.04      0.00      0.17      0.00      0.00     99.80
                all      0.14      0.00      0.44      0.00      0.00     99.42
                all      0.11      0.00      0.46      0.00      0.00     99.42
start----
                all      0.10      0.00      0.39      0.00      0.00     99.50
                all      0.14      0.00      5.35      0.02      0.00     94.49
                all      0.04      0.00      6.34      0.00      0.00     93.62
                all      0.04      0.00      6.56      0.00      0.00     93.40
                all      0.03      0.00      4.21      2.28      0.00     93.49
                all      0.79      0.00      2.49      3.18      0.00     93.54
                all      0.01      0.00      6.12      0.00      0.00     93.86
                all      0.01      0.00      5.97      0.00      0.00     94.02
                all      0.01      0.00      5.97      0.00      0.00     94.01
                all      0.56      0.00      0.72      0.00      0.00     98.72
end------
                all      0.06      0.00      0.24      0.00      0.00     99.70
                all      0.12      0.00      0.46      0.00      0.00     99.42
                all      0.12      0.00      0.45      0.00      0.00     99.43
start----
                all      0.12      0.00      0.58      0.03      0.00     99.27
                all      0.14      0.00      5.78      0.00      0.00     94.08
                all      0.04      0.00      6.38      0.00      0.00     93.58
                all      0.04      0.00      6.55      0.00      0.00     93.41
                all      0.03      0.00      3.71      2.79      0.00     93.47
                all      0.88      0.00      2.74      2.79      0.00     93.60
                all      0.02      0.00      6.01      0.00      0.00     93.97
                all      0.01      0.00      5.97      0.00      0.00     94.02
                all      0.16      0.00      5.83      0.00      0.00     94.00
                all      0.33      0.00      0.26      0.00      0.00     99.42
end------
                all      0.07      0.00      0.29      0.00      0.00     99.64
                all      0.12      0.00      0.45      0.00      0.00     99.44
                all      0.12      0.00      0.45      0.00      0.00     99.44
start----
                all      0.30      0.00      1.87      0.03      0.00     97.81
                all      0.17      0.00      9.30      0.00      0.00     90.53
end------
                all      0.01      0.00      0.05      0.00      0.00     99.94
                all      0.11      0.00      0.46      0.00      0.00     99.44
                all      0.12      0.00      0.44      0.06      0.00     99.38
                all      0.12      0.00      0.46      0.01      0.00     99.41
start----
                all      0.28      0.00      7.54      0.03      0.00     92.16
                all      0.05      0.00      3.50      0.00      0.00     96.44
end------
                all      0.06      0.00      0.26      0.00      0.00     99.68
                all      0.12      0.00      0.44      0.00      0.00     99.44
                all      0.12      0.00      0.46      0.08      0.00     99.35
start----
                all      0.28      0.00      1.60      0.02      0.00     98.10
                all      0.10      0.00      9.48      0.00      0.00     90.42
end------
                all      0.01      0.00      0.04      0.00      0.00     99.94
                all      0.11      0.00      0.45      0.00      0.00     99.43
                all      0.11      0.00      0.47      0.00      0.00     99.42
                all      0.12      0.00      0.45      0.00      0.00     99.44
start----
                all      0.25      0.00      7.35      0.03      0.00     92.37
                all      0.10      0.00     11.91      0.00      0.00     88.00
                all      0.07      0.00      1.76      0.01      0.00     98.16
end------
                all      0.09      0.00      0.34      0.00      0.00     99.57
                all      0.11      0.00      0.45      0.00      0.00     99.44
                all      0.10      0.00      0.46      0.00      0.00     99.44
start----
                all      0.30      0.00      3.00      0.03      0.00     96.67
                all      0.13      0.00     11.76      0.00      0.00     88.12
                all      0.07      0.00      6.35      0.00      0.00     93.58
end------
                all      0.09      0.00      0.26      0.01      0.00     99.64
                all      0.20      0.00      0.68      0.00      0.00     99.12
                all      0.14      0.00      0.50      0.01      0.00     99.35
start----
                all      0.14      0.00      0.53      0.07      0.00     99.25
                all      0.25      0.00     10.46      0.02      0.00     89.27
                all      0.25      0.00     10.44      0.01      0.00     89.30
                all      0.09      0.00      0.13      0.07      0.00     99.71
end------
                all      0.16      0.00      0.55      0.03      0.00     99.26
                all      0.12      0.00      0.45      0.00      0.00     99.43
                all      0.13      0.00      0.45      0.00      0.00     99.42
start----
                all      0.29      0.00      4.38      0.03      0.00     95.30
                all      0.04      0.00     11.98      0.00      0.00     87.98
                all      0.45      0.00     11.77      0.00      0.00     87.79
                all      0.02      0.00     11.87      0.00      0.00     88.11
                all      0.23      0.00      1.66      0.01      0.00     98.10
end------
                all      0.06      0.00      0.22      0.00      0.00     99.72
                all      0.12      0.00      0.44      0.00      0.00     99.44
                all      0.11      0.00      0.45      0.08      0.00     99.36
start----
                all      0.17      0.00      0.85      0.03      0.00     98.95
                all      0.20      0.00     11.56      0.00      0.00     88.23
                all      0.21      0.00     12.13      0.00      0.00     87.66
                all      0.02      0.00     11.90      0.00      0.00     88.08
                all      0.30      0.00      5.25      0.00      0.00     94.45
end------
                all      0.02      0.00      0.10      0.00      0.00     99.88
                all      0.12      0.00      0.45      0.00      0.00     99.43
                all      0.11      0.00      0.45      0.07      0.00     99.37
start----
                all      0.11      0.00      0.45      0.00      0.00     99.44
                all      0.24      0.00      8.71      0.02      0.00     91.03
                all      0.04      0.00     12.16      0.00      0.00     87.79
                all      0.38      0.00     11.64      0.00      0.00     87.98
                all      0.25      0.00      8.85      0.00      0.00     90.90
end------
                all      0.01      0.00      0.06      0.00      0.00     99.94
                all      0.11      0.00      0.46      0.00      0.00     99.43
                all      0.12      0.00      0.45      0.00      0.00     99.43
                all      0.12      0.00      0.45      0.00      0.00     99.43
start----
                all      0.28      0.00      7.46      0.03      0.00     92.24
                all      0.04      0.00     12.14      0.00      0.00     87.82
                all      0.04      0.00     12.42      0.00      0.00     87.54
                all      0.04      0.00     11.02      1.26      0.00     87.68
                all      0.91      0.00     10.05      1.05      0.00     87.99
                all      0.01      0.00     11.88      0.00      0.00     88.10
                all      0.02      0.00     11.87      0.00      0.00     88.11
                all      0.33      0.00      5.06      0.00      0.00     94.61
end------
                all      0.05      0.00      0.18      0.00      0.00     99.77
                all      0.12      0.00      0.44      0.00      0.00     99.44
                all      0.13      0.00      0.44      0.00      0.00     99.44
start----
                all      0.10      0.00      0.41      0.00      0.00     99.49
                all      0.27      0.00     11.14      0.03      0.00     88.56
                all      0.04      0.00     12.31      0.00      0.00     87.64
                all      0.04      0.00     12.37      0.00      0.00     87.58
                all      1.61      0.00      8.42      2.37      0.00     87.60
                all      1.99      0.00      9.96      0.07      0.00     87.97
                all      0.04      0.00     11.96      0.00      0.00     88.00
                all      0.02      0.00     11.89      0.00      0.00     88.09
                all      0.52      0.00      5.40      0.00      0.00     94.08
end------
                all      0.04      0.00      0.17      0.00      0.00     99.79
                all      0.11      0.00      0.46      0.00      0.00     99.44
                all      0.12      0.00      0.44      0.00      0.00     99.43
start----
                all      0.10      0.00      0.39      0.00      0.00     99.50
                all      0.27      0.00     10.50      0.03      0.00     89.20
                all      0.04      0.00     12.27      0.00      0.00     87.69
                all      0.04      0.00     12.34      0.00      0.00     87.62
                all      1.09      0.00      8.91      2.40      0.00     87.60
                all      2.12      0.00      9.84      0.10      0.00     87.94
                all      0.02      0.00     11.87      0.00      0.00     88.11
                all      0.02      0.00     11.88      0.00      0.00     88.10
                all      0.55      0.00      5.96      0.00      0.00     93.50
end------
                all      0.03      0.00      0.16      0.00      0.00     99.81
                all      0.11      0.00      0.44      0.00      0.00     99.44
                all      0.12      0.00      0.46      0.08      0.00     99.34
start----
                all      0.11      0.00      0.41      0.00      0.00     99.48
                all      0.74      0.00     18.89      0.06      0.00     80.31
                all      0.14      0.00      3.42      0.00      0.00     96.44
end------
                all      0.07      0.00      0.31      0.00      0.00     99.62
                all      0.12      0.00      0.45      0.00      0.00     99.44
                all      0.12      0.00      0.45      0.08      0.00     99.35
start----
                all      0.59      0.00      4.52      0.04      0.00     94.86
                all      0.26      0.00     17.87      0.00      0.00     81.87
end------
                all      0.00      0.00      0.03      0.00      0.00     99.96
                all      0.12      0.00      0.46      0.00      0.00     99.42
                all      0.11      0.00      0.46      0.07      0.00     99.36
                all      0.13      0.00      0.45      0.00      0.00     99.42
start----
                all      0.83      0.00     13.11      0.05      0.00     86.01
                all      0.13      0.00      9.19      0.00      0.00     90.68
end------
                all      0.04      0.00      0.21      0.00      0.00     99.74
                all      0.12      0.00      0.44      0.00      0.00     99.44
                all      0.12      0.00      0.45      0.07      0.00     99.36
start----
                all      0.16      0.00      1.07      0.03      0.00     98.73
                all      0.55      0.00     21.54      0.01      0.00     77.90
                all      0.31      0.00     19.74      0.00      0.00     79.94
end------
                all      0.01      0.00      0.04      0.00      0.00     99.94
                all      0.11      0.00      0.44      0.00      0.00     99.45
                all      0.12      0.00      0.45      0.00      0.00     99.43
                all      0.11      0.00      0.45      0.00      0.00     99.44
start----
                all      0.64      0.00     11.24      0.03      0.00     88.09
                all      0.18      0.00     23.48      0.00      0.00     76.34
                all      0.14      0.00      6.97      0.00      0.00     92.89
end------
                all      0.06      0.00      0.23      0.00      0.00     99.71
                all      0.12      0.00      0.45      0.00      0.00     99.43
                all      0.12      0.00      0.45      0.00      0.00     99.43
start----
                all      0.35      0.00      1.67      0.07      0.00     97.91
                all      0.53      0.00     23.01      0.01      0.00     76.46
                all      0.14      0.00     17.64      0.00      0.00     82.22
end------
                all      0.01      0.00      0.05      0.00      0.00     99.94
                all      0.11      0.00      0.45      0.00      0.00     99.44
                all      0.12      0.00      0.44      0.07      0.00     99.37
                all      0.12      0.00      0.45      0.00      0.00     99.42
start----
                all      0.62      0.00     13.49      0.05      0.00     85.84
                all      0.04      0.00     23.90      0.00      0.00     76.06
                all      0.29      0.00     23.56      0.01      0.00     76.15
                all      0.34      0.00     21.35      0.00      0.00     78.30
                all      0.02      0.00      0.05      0.00      0.00     99.93
end------
                all      0.10      0.00      0.42      0.00      0.00     99.48
                all      0.14      0.00      0.53      0.00      0.00     99.32
                all      0.12      0.00      0.45      0.00      0.00     99.42
start----
                all      0.61      0.00     10.25      0.06      0.00     89.08
                all      0.04      0.00     23.83      0.00      0.00     76.13
                all      0.24      0.00     23.62      0.00      0.00     76.14
                all      0.05      0.00     23.67      0.00      0.00     76.28
                all      0.34      0.00      0.97      0.01      0.00     98.68
end------
                all      0.06      0.00      0.26      0.00      0.00     99.68
                all      0.12      0.00      0.45      0.00      0.00     99.43
                all      0.12      0.00      0.45      0.00      0.00     99.43
start----
                all      0.36      0.00      1.86      0.05      0.00     97.73
                all      0.39      0.00     23.08      0.01      0.00     76.52
                all      0.30      0.00     23.64      0.01      0.00     76.05
                all      0.03      0.00     23.71      0.00      0.00     76.26
                all      0.37      0.00     10.30      0.00      0.00     89.33
end------
                all      0.04      0.00      0.17      0.00      0.00     99.78
                all      0.13      0.00      0.45      0.00      0.00     99.42
                all      0.13      0.00      0.45      0.08      0.00     99.35
start----
                all      0.11      0.00      0.39      0.01      0.00     99.49
                all      0.59      0.00     20.32      0.08      0.00     79.00
                all      0.04      0.00     24.06      0.00      0.00     75.90
                all      0.04      0.00     24.22      0.00      0.00     75.73
                all      2.10      0.00     22.10      0.00      0.00     75.80
                all      0.02      0.00     23.71      0.00      0.00     76.27
                all      0.02      0.00     23.69      0.00      0.00     76.29
                all      0.02      0.00     23.69      0.00      0.00     76.29
                all      0.21      0.00      1.86      0.01      0.00     97.93
end------
                all      0.06      0.00      0.25      0.00      0.00     99.69
                all      0.11      0.00      0.45      0.00      0.00     99.44
                all      0.12      0.00      0.45      0.07      0.00     99.37
start----
                all      0.44      0.00      1.85      0.04      0.00     97.68
                all      0.30      0.00     23.21      0.01      0.00     76.48
                all      0.04      0.00     24.17      0.00      0.00     75.79
                all      0.04      0.00     24.20      0.00      0.00     75.76
                all      2.20      0.00     21.92      0.00      0.00     75.87
                all      0.01      0.00     23.70      0.00      0.00     76.29
                all      0.03      0.00     23.69      0.00      0.00     76.28
                all      0.17      0.00     21.11      0.00      0.00     78.72
                all      0.02      0.00      0.07      0.00      0.00     99.91
end------
                all      0.09      0.00      0.34      0.00      0.00     99.57
                all      0.11      0.00      0.46      0.00      0.00     99.43
                all      0.12      0.00      0.45      0.00      0.00     99.42
start----
                all      0.67      0.00      6.24      0.05      0.00     93.04
                all      0.04      0.00     23.73      0.00      0.00     76.23
                all      0.04      0.00     24.09      0.01      0.00     75.86
                all      0.05      0.00     24.08      0.01      0.00     75.87
                all      0.34      0.00     23.45      0.02      0.00     76.20
                all      0.01      0.00     23.69      0.00      0.00     76.29
                all      0.02      0.00     23.69      0.00      0.00     76.30
                all      0.38      0.00     13.78      0.00      0.00     85.84
end------
                all      0.00      0.00      0.03      0.00      0.00     99.97
                all      0.12      0.00      0.45      0.00      0.00     99.43
                all      0.12      0.00      0.45      0.05      0.00     99.38
                all      0.13      0.00      0.44      0.03      0.00     99.41
start----
                all      2.13      0.00     19.43      0.09      0.00     78.35
                all      1.12      0.00     38.34      0.00      0.00     60.54
                all      0.02      0.00      0.05      0.00      0.00     99.93
end------
                all      0.11      0.00      0.39      0.00      0.00     99.50
                all      0.13      0.00      0.44      0.00      0.00     99.43
                all      0.14      0.00      0.43      0.00      0.00     99.43
start----
                all      2.16      0.00     14.77      0.09      0.00     82.98
                all      1.10      0.00     41.92      0.00      0.00     56.98
                all      0.02      0.00      0.08      0.00      0.00     99.89
end------
                all      0.09      0.00      0.37      0.00      0.00     99.54
                all      0.12      0.00      0.45      0.00      0.00     99.43
                all      0.14      0.00      0.43      0.00      0.00     99.43
start----
                all      2.14      0.00      9.20      0.14      0.00     88.51
                all      0.98      0.00     44.92      0.00      0.00     54.10
                all      0.28      0.00      3.47      0.00      0.00     96.25
end------
                all      0.08      0.00      0.30      0.00      0.00     99.63
                all      0.13      0.00      0.44      0.00      0.00     99.44
                all      0.13      0.00      0.44      0.00      0.00     99.43
start----
                all      0.89      0.00      6.11      0.07      0.00     92.93
                all      1.01      0.00     44.73      0.05      0.00     54.20
                all      0.50      0.00     45.55      0.00      0.00     53.95
                all      0.64      0.00      7.43      0.02      0.00     91.91
end------
                all      0.06      0.00      0.25      0.00      0.00     99.69
                all      0.13      0.00      0.44      0.00      0.00     99.44
                all      0.13      0.00      0.44      0.00      0.00     99.43
start----
                all      0.40      0.00      3.66      0.03      0.00     95.91
                all      1.58      0.00     43.49      0.03      0.00     54.90
                all      0.55      0.00     45.66      0.00      0.00     53.79
                all      0.54      0.00     10.04      0.01      0.00     89.41
end------
                all      0.05      0.00      0.19      0.00      0.00     99.77
                all      0.13      0.00      0.43      0.00      0.00     99.44
                all      0.13      0.00      0.44      0.07      0.00     99.36
start----
                all      0.11      0.00      0.41      0.00      0.00     99.48
                all      2.14      0.00     36.38      0.10      0.00     61.38
                all      0.50      0.00     45.89      0.00      0.00     53.61
                all      0.54      0.00     20.47      0.00      0.00     78.99
end------
                all      0.01      0.00      0.06      0.00      0.00     99.93
                all      0.12      0.00      0.44      0.00      0.00     99.44
                all      0.13      0.00      0.44      0.08      0.00     99.35
                all      0.12      0.00      0.45      0.00      0.00     99.44
start----
                all      2.13      0.00     23.26      0.07      0.00     74.55
                all      0.04      0.00     47.36      0.00      0.00     52.60
                all      0.58      0.00     46.22      0.00      0.00     53.21
                all      0.02      0.00     46.29      0.00      0.00     53.70
                all      0.72      0.00     32.11      0.00      0.00     67.17
                all      0.02      0.00      0.07      0.00      0.00     99.91
end------
                all      0.10      0.00      0.36      0.00      0.00     99.54
                all      0.14      0.00      0.43      0.00      0.00     99.43
                all      0.13      0.00      0.44      0.00      0.00     99.43
start----
                all      2.15      0.00     10.14      0.07      0.00     87.63
                all      0.04      0.00     47.21      0.00      0.00     52.74
                all      0.86      0.00     46.36      0.00      0.00     52.78
                all      0.02      0.00     46.29      0.00      0.00     53.69
                all      0.70      0.00     45.06      0.00      0.00     54.24
                all      0.04      0.00      0.88      0.01      0.00     99.07
end------
                all      0.10      0.00      0.33      0.00      0.00     99.57
                all      0.14      0.00      0.43      0.00      0.00     99.43
                all      0.13      0.00      0.44      0.00      0.00     99.43
start----
                all      1.35      0.00      7.49      0.14      0.00     91.01
                all      0.79      0.00     45.61      0.03      0.00     53.57
                all      0.64      0.00     46.82      0.00      0.00     52.54
                all      0.02      0.00     46.29      0.00      0.00     53.70
                all      0.07      0.00     46.21      0.00      0.00     53.72
                all      0.52      0.00      4.45      0.01      0.00     95.02
end------
                all      0.06      0.00      0.22      0.00      0.00     99.73
                all      0.14      0.00      0.42      0.00      0.00     99.44
                all      0.17      0.00      0.50      0.00      0.00     99.33
start----
                all      0.21      0.00      1.33      0.03      0.00     98.43
                all      1.74      0.00     39.52      0.05      0.00     58.69
