
Linux 5.2.8200225+ (knl03.kisti.re.kr) 	2020년 04월 04일 	_x86_64_	(272 CPU)

                CPU     %user     %nice   %system   %iowait    %steal     %idle
                all      0.03      0.00      0.11      0.00      0.00     99.86
                all      0.02      0.00      0.09      0.15      0.00     99.74
                all      0.01      0.00      0.07      0.37      0.00     99.55
                all      0.02      0.00      0.07      0.36      0.00     99.54
                all      0.02      0.00      0.08      0.35      0.00     99.54
                all      0.03      0.00      0.14      0.25      0.00     99.58
                all      0.03      0.00      0.11      0.07      0.00     99.79
                all      0.03      0.00      0.11      0.00      0.00     99.86
                all      0.08      0.00      0.21      0.01      0.00     99.69
                all      0.01      0.00      0.14      0.00      0.00     99.84
                all      0.02      0.00      0.09      0.00      0.00     99.90
                all      0.02      0.00      0.07      0.00      0.00     99.92
start----
                all      0.07      0.00      0.37      0.02      0.00     99.54
                all      0.04      0.00      3.04      0.00      0.00     96.93
                all      0.04      0.00      0.14      0.01      0.00     99.81
                all      0.02      0.00      0.08      0.00      0.00     99.90
                all      0.02      0.00      0.07      0.00      0.00     99.91
                all      0.01      0.00      0.07      0.08      0.00     99.83
                all      0.07      0.00      1.31      0.02      0.00     98.60
                all      0.05      0.00      2.10      0.00      0.00     97.85
end------
                all      0.02      0.00      0.10      0.00      0.00     99.88
                all      0.11      0.00      0.46      0.00      0.00     99.43
                all      0.12      0.00      0.45      0.00      0.00     99.42
start----
                all      0.11      0.00      0.46      0.00      0.00     99.44
                all      0.08      0.00      2.29      0.02      0.00     97.61
                all      0.04      0.00      1.06      0.00      0.00     98.90
end------
                all      0.06      0.00      0.28      0.00      0.00     99.66
                all      0.11      0.00      0.46      0.00      0.00     99.43
                all      0.11      0.00      0.46      0.00      0.00     99.42
start----
                all      0.13      0.00      0.65      0.02      0.00     99.21
                all      0.04      0.00      3.01      0.00      0.00     96.95
                all      0.02      0.00      3.01      0.00      0.00     96.97
                all      0.05      0.00      0.26      0.00      0.00     99.69
end------
                all      0.09      0.00      0.37      0.00      0.00     99.55
                all      0.11      0.00      0.46      0.00      0.00     99.43
                all      0.11      0.00      0.47      0.00      0.00     99.42
start----
                all      0.11      0.00      1.32      0.02      0.00     98.55
                all      0.05      0.00      3.00      0.00      0.00     96.96
                all      0.06      0.00      2.35      0.01      0.00     97.58
end------
                all      0.01      0.00      0.04      0.00      0.00     99.95
                all      0.12      0.00      0.46      0.00      0.00     99.42
                all      0.11      0.00      0.46      0.07      0.00     99.36
                all      0.11      0.00      0.46      0.00      0.00     99.43
start----
                all      0.09      0.00      2.05      0.02      0.00     97.84
                all      0.04      0.00      3.00      0.00      0.00     96.96
                all      0.07      0.00      1.53      0.00      0.00     98.39
end------
                all      0.03      0.00      0.12      0.00      0.00     99.85
                all      0.11      0.00      0.45      0.00      0.00     99.43
                all      0.12      0.00      0.45      0.00      0.00     99.42
                all      0.11      0.00      0.46      0.00      0.00     99.42
start----
                all      0.08      0.00      2.29      0.02      0.00     97.62
                all      0.07      0.00      3.12      0.00      0.00     96.81
                all      0.04      0.00      3.58      0.00      0.00     96.38
                all      0.15      0.00      3.05      0.00      0.00     96.80
                all      0.10      0.00      2.19      0.00      0.00     97.70
end------
                all      0.01      0.00      0.08      0.00      0.00     99.91
                all      0.11      0.00      0.46      0.00      0.00     99.43
                all      0.12      0.00      0.45      0.08      0.00     99.35
                all      0.11      0.00      0.46      0.00      0.00     99.43
start----
                all      0.08      0.00      2.19      0.01      0.00     97.71
                all      0.03      0.00      3.06      0.00      0.00     96.91
                all      0.04      0.00      3.55      0.00      0.00     96.41
                all      0.03      0.00      3.12      0.00      0.00     96.84
                all      0.10      0.00      2.00      0.00      0.00     97.90
end------
                all      0.02      0.00      0.11      0.00      0.00     99.87
                all      0.12      0.00      0.45      0.00      0.00     99.43
                all      0.10      0.00      0.47      0.00      0.00     99.42
start----
                all      0.11      0.00      0.44      0.00      0.00     99.45
                all      0.10      0.00      2.37      0.02      0.00     97.52
                all      0.03      0.00      3.05      0.00      0.00     96.92
                all      0.04      0.00      3.54      0.00      0.00     96.42
                all      0.50      0.00      2.70      0.00      0.00     96.80
                all      0.19      0.00      2.50      0.00      0.00     97.31
                all      0.01      0.00      0.04      0.00      0.00     99.95
end------
                all      0.10      0.00      0.43      0.00      0.00     99.47
                all      0.11      0.00      0.46      0.04      0.00     99.39
                all      0.11      0.00      0.46      0.03      0.00     99.40
start----
                all      0.10      0.00      1.87      0.02      0.00     98.01
                all      0.03      0.00      3.01      0.00      0.00     96.96
                all      0.03      0.00      3.50      0.00      0.00     96.47
                all      0.03      0.00      3.51      0.00      0.00     96.46
                all      0.03      0.00      3.59      0.00      0.00     96.37
                all      0.03      0.00      3.27      0.25      0.00     96.45
                all      0.13      0.00      1.66      1.71      0.00     96.51
                all      1.27      0.00      1.94      0.12      0.00     96.67
                all      0.02      0.00      3.02      0.00      0.00     96.96
                all      0.01      0.00      3.02      0.00      0.00     96.96
                all      0.34      0.00      1.65      0.01      0.00     98.00
end------
                all      0.03      0.00      0.15      0.00      0.00     99.81
                all      0.10      0.00      0.46      0.00      0.00     99.44
                all      0.11      0.00      0.47      0.00      0.00     99.42
start----
                all      0.11      0.00      0.42      0.00      0.00     99.46
                all      0.08      0.00      2.48      0.02      0.00     97.42
                all      0.03      0.00      3.06      0.00      0.00     96.91
                all      0.04      0.00      3.56      0.00      0.00     96.40
                all      0.03      0.00      3.60      0.00      0.00     96.37
                all      0.04      0.00      3.62      0.00      0.00     96.35
                all      0.03      0.00      2.92      0.64      0.00     96.41
                all      0.10      0.00      2.23      1.19      0.00     96.48
                all      0.02      0.00      3.02      0.00      0.00     96.96
                all      0.01      0.00      3.03      0.00      0.00     96.95
                all      0.10      0.00      2.28      0.00      0.00     97.62
end------
                all      0.01      0.00      0.06      0.00      0.00     99.93
                all      0.11      0.00      0.46      0.00      0.00     99.42
                all      0.11      0.00      0.46      0.07      0.00     99.36
                all      0.12      0.00      0.45      0.00      0.00     99.42
start----
                all      0.09      0.00      2.11      0.01      0.00     97.79
                all      0.03      0.00      3.01      0.00      0.00     96.96
                all      0.04      0.00      3.53      0.00      0.00     96.43
                all      0.03      0.00      3.61      0.00      0.00     96.36
                all      0.03      0.00      3.61      0.00      0.00     96.36
                all      0.03      0.00      3.01      0.52      0.00     96.45
                all      0.15      0.00      1.97      1.42      0.00     96.45
                all      0.01      0.00      3.06      0.02      0.00     96.90
                all      0.01      0.00      3.02      0.00      0.00     96.96
                all      0.39      0.00      2.64      0.00      0.00     96.97
                all      0.04      0.00      0.11      0.00      0.00     99.85
end------
                all      0.06      0.00      0.29      0.00      0.00     99.64
                all      0.13      0.00      0.45      0.00      0.00     99.43
                all      0.11      0.00      0.46      0.08      0.00     99.35
start----
                all      0.18      0.00      1.48      0.03      0.00     98.31
                all      0.07      0.00      4.36      0.00      0.00     95.57
end------
                all      0.02      0.00      0.08      0.00      0.00     99.90
                all      0.12      0.00      0.45      0.00      0.00     99.43
                all      0.12      0.00      0.45      0.00      0.00     99.42
                all      0.10      0.00      0.46      0.00      0.00     99.43
start----
                all      0.18      0.00      4.21      0.03      0.00     95.59
                all      0.04      0.00      1.42      0.01      0.00     98.54
end------
                all      0.07      0.00      0.30      0.00      0.00     99.63
                all      0.12      0.00      0.45      0.00      0.00     99.43
                all      0.11      0.00      0.46      0.08      0.00     99.35
start----
                all      0.16      0.00      1.56      0.02      0.00     98.26
                all      0.18      0.00      4.36      0.00      0.00     95.46
end------
                all      0.01      0.00      0.08      0.00      0.00     99.91
                all      0.12      0.00      0.45      0.00      0.00     99.43
                all      0.12      0.00      0.45      0.00      0.00     99.43
                all      0.12      0.00      0.45      0.00      0.00     99.42
start----
                all      0.14      0.00      4.19      0.02      0.00     95.66
                all      0.04      0.00      5.96      0.00      0.00     94.00
                all      0.05      0.00      0.81      0.00      0.00     99.13
end------
                all      0.09      0.00      0.33      0.00      0.00     99.58
                all      0.13      0.00      0.45      0.00      0.00     99.43
                all      0.11      0.00      0.46      0.00      0.00     99.43
start----
                all      0.17      0.00      2.03      0.03      0.00     97.78
                all      0.26      0.00      5.73      0.00      0.00     94.01
                all      0.05      0.00      3.41      0.00      0.00     96.54
end------
                all      0.04      0.00      0.16      0.00      0.00     99.81
                all      0.11      0.00      0.45      0.00      0.00     99.43
                all      0.12      0.00      0.45      0.00      0.00     99.43
start----
                all      0.11      0.00      0.41      0.01      0.00     99.48
                all      0.15      0.00      5.20      0.01      0.00     94.64
                all      0.25      0.00      5.73      0.00      0.00     94.02
end------
                all      0.02      0.00      0.06      0.00      0.00     99.92
                all      0.09      0.00      0.43      0.00      0.00     99.48
                all      0.12      0.00      0.45      0.00      0.00     99.43
                all      0.11      0.00      0.46      0.00      0.00     99.44
start----
                all      0.16      0.00      2.67      0.02      0.00     97.16
                all      0.05      0.00      6.03      0.00      0.00     93.92
                all      0.12      0.00      6.32      0.00      0.00     93.56
                all      0.01      0.00      6.03      0.00      0.00     93.96
                all      0.43      0.00      1.45      0.00      0.00     98.12
end------
                all      0.06      0.00      0.30      0.00      0.00     99.64
                all      0.12      0.00      0.45      0.00      0.00     99.43
                all      0.12      0.00      0.45      0.00      0.00     99.42
start----
                all      0.17      0.00      1.16      0.02      0.00     98.65
                all      0.06      0.00      5.95      0.00      0.00     93.99
                all      0.24      0.00      6.50      0.00      0.00     93.26
                all      0.02      0.00      6.04      0.00      0.00     93.94
                all      0.39      0.00      3.12      0.00      0.00     96.49
end------
                all      0.03      0.00      0.17      0.00      0.00     99.80
                all      0.12      0.00      0.45      0.00      0.00     99.43
                all      0.11      0.00      0.47      0.00      0.00     99.42
start----
                all      0.13      0.00      0.49      0.01      0.00     99.37
                all      0.15      0.00      5.11      0.02      0.00     94.72
                all      0.04      0.00      6.25      0.00      0.00     93.71
                all      0.11      0.00      6.05      0.00      0.00     93.84
                all      0.39      0.00      4.80      0.00      0.00     94.81
end------
                all      0.01      0.00      0.04      0.00      0.00     99.95
                all      0.10      0.00      0.46      0.00      0.00     99.43
                all      0.12      0.00      0.45      0.00      0.00     99.43
                all      0.11      0.00      0.48      0.00      0.00     99.41
start----
                all      0.15      0.00      3.50      0.02      0.00     96.33
                all      0.04      0.00      6.09      0.00      0.00     93.87
                all      0.03      0.00      6.51      0.00      0.00     93.45
                all      0.03      0.00      6.54      0.00      0.00     93.43
                all      0.03      0.00      3.00      3.37      0.00     93.60
                all      0.32      0.00      5.14      0.69      0.00     93.85
                all      0.09      0.00      5.99      0.03      0.00     93.88
                all      0.01      0.00      5.97      0.00      0.00     94.02
                all      0.43      0.00      1.96      0.00      0.00     97.61
end------
                all      0.06      0.00      0.26      0.00      0.00     99.68
                all      0.11      0.00      0.45      0.00      0.00     99.43
                all      0.12      0.00      0.45      0.00      0.00     99.43
start----
                all      0.13      0.00      0.59      0.02      0.00     99.26
                all      0.10      0.00      5.88      0.00      0.00     94.01
                all      0.03      0.00      6.35      0.00      0.00     93.63
                all      0.03      0.00      6.48      0.00      0.00     93.48
                all      0.04      0.00      5.25      1.20      0.00     93.51
                all      1.40      0.00      2.27      2.66      0.00     93.67
                all      0.35      0.00      5.71      0.02      0.00     93.92
                all      0.02      0.00      5.99      0.00      0.00     93.99
                all      0.01      0.00      5.98      0.00      0.00     94.01
                all      0.52      0.00      1.23      0.00      0.00     98.25
end------
                all      0.04      0.00      0.20      0.00      0.00     99.76
                all      0.11      0.00      0.45      0.00      0.00     99.44
                all      0.11      0.00      0.45      0.00      0.00     99.44
start----
                all      0.11      0.00      0.41      0.01      0.00     99.48
                all      0.15      0.00      5.72      0.01      0.00     94.13
                all      0.04      0.00      6.30      0.00      0.00     93.67
                all      0.03      0.00      6.47      0.00      0.00     93.49
                all      0.04      0.00      5.34      1.14      0.00     93.48
                all      0.42      0.00      2.98      2.90      0.00     93.71
                all      0.02      0.00      6.01      0.00      0.00     93.97
                all      0.01      0.00      5.98      0.00      0.00     94.00
                all      0.42      0.00      5.57      0.00      0.00     94.00
                all      0.05      0.00      0.12      0.00      0.00     99.83
end------
                all      0.09      0.00      0.37      0.00      0.00     99.54
                all      0.11      0.00      0.45      0.00      0.00     99.44
                all      0.11      0.00      0.46      0.08      0.00     99.35
start----
                all      0.29      0.00      4.72      0.02      0.00     94.97
                all      0.11      0.00      6.61      0.00      0.00     93.29
end------
                all      0.04      0.00      0.16      0.00      0.00     99.80
                all      0.11      0.00      0.46      0.00      0.00     99.43
                all      0.10      0.00      0.47      0.00      0.00     99.42
start----
                all      0.10      0.00      0.42      0.00      0.00     99.48
                all      0.37      0.00      9.94      0.01      0.00     89.68
                all      0.05      0.00      1.32      0.00      0.00     98.63
end------
                all      0.08      0.00      0.37      0.00      0.00     99.55
                all      0.11      0.00      0.46      0.00      0.00     99.43
                all      0.11      0.00      0.45      0.00      0.00     99.43
start----
                all      0.32      0.00      3.71      0.03      0.00     95.94
                all      0.10      0.00      7.70      0.00      0.00     92.20
end------
                all      0.05      0.00      0.19      0.00      0.00     99.76
                all      0.11      0.00      0.45      0.00      0.00     99.44
                all      0.12      0.00      0.45      0.00      0.00     99.44
start----
                all      0.11      0.00      0.42      0.00      0.00     99.46
                all      0.28      0.00      9.13      0.03      0.00     90.56
                all      0.10      0.00     11.81      0.00      0.00     88.09
                all      0.07      0.00      0.57      0.00      0.00     99.37
end------
                all      0.09      0.00      0.35      0.00      0.00     99.56
                all      0.11      0.00      0.48      0.00      0.00     99.42
                all      0.12      0.00      0.45      0.00      0.00     99.43
start----
                all      0.29      0.00      4.26      0.03      0.00     95.42
                all      0.11      0.00     11.78      0.00      0.00     88.11
                all      0.07      0.00      5.75      0.00      0.00     94.18
end------
                all      0.04      0.00      0.18      0.00      0.00     99.78
                all      0.11      0.00      0.44      0.00      0.00     99.44
                all      0.11      0.00      0.45      0.00      0.00     99.43
start----
                all      0.10      0.00      0.42      0.01      0.00     99.48
                all      0.26      0.00     10.73      0.01      0.00     88.99
                all      0.14      0.00     10.69      0.00      0.00     89.17
                all      0.01      0.00      0.03      0.00      0.00     99.96
end------
                all      0.10      0.00      0.41      0.00      0.00     99.49
                all      0.11      0.00      0.45      0.02      0.00     99.41
                all      0.12      0.00      0.46      0.06      0.00     99.37
start----
                all      0.28      0.00      6.19      0.02      0.00     93.50
                all      0.04      0.00     12.00      0.00      0.00     87.96
                all      0.21      0.00     11.93      0.01      0.00     87.86
                all      0.01      0.00     11.89      0.00      0.00     88.10
                all      0.38      0.00      1.13      0.00      0.00     98.49
end------
                all      0.10      0.00      0.36      0.00      0.00     99.54
                all      0.11      0.00      0.45      0.00      0.00     99.44
                all      0.11      0.00      0.46      0.00      0.00     99.43
start----
                all      0.30      0.00      3.69      0.02      0.00     95.99
                all      0.04      0.00     11.89      0.00      0.00     88.07
                all      0.06      0.00     12.14      0.02      0.00     87.78
                all      0.01      0.00     11.89      0.01      0.00     88.09
                all      0.42      0.00      3.45      0.00      0.00     96.12
end------
                all      0.06      0.00      0.25      0.00      0.00     99.68
                all      0.12      0.00      0.45      0.00      0.00     99.44
                all      0.11      0.00      0.46      0.00      0.00     99.42
start----
                all      0.30      0.00      1.41      0.03      0.00     98.26
                all      0.04      0.00     11.85      0.00      0.00     88.11
                all      0.10      0.00     12.16      0.01      0.00     87.73
                all      0.01      0.00     11.89      0.00      0.00     88.09
                all      0.42      0.00      5.94      0.00      0.00     93.63
end------
                all      0.05      0.00      0.18      0.00      0.00     99.77
                all      0.12      0.00      0.45      0.00      0.00     99.43
                all      0.12      0.00      0.45      0.00      0.00     99.42
start----
                all      0.11      0.00      0.40      0.00      0.00     99.49
                all      0.28      0.00     10.21      0.03      0.00     89.48
                all      0.03      0.00     12.24      0.00      0.00     87.73
                all      0.04      0.00     12.42      0.00      0.00     87.55
                all      0.04      0.00     12.42      0.00      0.00     87.54
                all      0.85      0.00     11.26      0.02      0.00     87.87
                all      0.03      0.00     11.88      0.00      0.00     88.09
                all      0.06      0.00     11.99      0.00      0.00     87.95
                all      0.30      0.00      4.92      0.01      0.00     94.77
end------
                all      0.04      0.00      0.20      0.00      0.00     99.75
                all      0.11      0.00      0.45      0.00      0.00     99.44
                all      0.11      0.00      0.46      0.00      0.00     99.42
start----
                all      0.11      0.00      0.63      0.03      0.00     99.23
                all      0.29      0.00     11.28      0.01      0.00     88.42
                all      0.06      0.00     12.37      0.00      0.00     87.56
                all      0.04      0.00     12.38      0.00      0.00     87.58
                all      0.03      0.00     12.40      0.00      0.00     87.57
                all      0.13      0.00     11.84      0.00      0.00     88.04
                all      0.02      0.00     11.88      0.00      0.00     88.10
                all      0.01      0.00     11.88      0.00      0.00     88.11
                all      0.20      0.00      2.69      0.00      0.00     97.10
end------
                all      0.07      0.00      0.28      0.00      0.00     99.65
                all      0.11      0.00      0.45      0.00      0.00     99.44
                all      0.10      0.00      0.46      0.00      0.00     99.44
start----
                all      0.33      0.00      2.05      0.02      0.00     97.60
                all      0.04      0.00     11.84      0.00      0.00     88.12
                all      0.03      0.00     12.39      0.00      0.00     87.58
                all      0.04      0.00     12.39      0.00      0.00     87.57
                all      1.06      0.00     11.24      0.03      0.00     87.68
                all      0.02      0.00     11.92      0.00      0.00     88.06
                all      0.01      0.00     11.88      0.00      0.00     88.11
                all      0.02      0.00     11.89      0.00      0.00     88.09
                all      0.49      0.00      1.79      0.00      0.00     97.71
end------
                all      0.07      0.00      0.32      0.00      0.00     99.61
                all      0.11      0.00      0.45      0.00      0.00     99.44
                all      0.11      0.00      0.46      0.00      0.00     99.43
start----
                all      0.72      0.00      4.13      0.08      0.00     95.06
                all      0.27      0.00     19.04      0.01      0.00     80.69
end------
                all      0.01      0.00      0.03      0.00      0.00     99.97
                all      0.16      0.00      0.56      0.01      0.00     99.27
                all      0.23      0.00      0.64      0.01      0.00     99.12
                all      0.13      0.00      0.49      0.01      0.00     99.37
start----
                all      0.72      0.00     13.11      0.11      0.00     86.06
                all      0.21      0.00     10.07      0.03      0.00     89.69
end------
                all      0.04      0.00      0.18      0.00      0.00     99.78
                all      0.12      0.00      0.49      0.01      0.00     99.38
                all      0.17      0.00      0.56      0.02      0.00     99.25
start----
                all      0.11      0.00      0.41      0.00      0.00     99.47
                all      0.76      0.00     17.42      0.04      0.00     81.78
                all      0.14      0.00      5.27      0.01      0.00     94.58
end------
                all      0.06      0.00      0.27      0.00      0.00     99.67
                all      0.11      0.00      0.46      0.00      0.00     99.42
                all      0.11      0.00      0.45      0.00      0.00     99.44
start----
                all      0.73      0.00      2.27      0.03      0.00     96.97
                all      0.23      0.00     23.24      0.00      0.00     76.53
                all      0.15      0.00     17.06      0.00      0.00     82.79
end------
                all      0.01      0.00      0.07      0.00      0.00     99.92
                all      0.11      0.00      0.45      0.00      0.00     99.44
                all      0.11      0.00      0.45      0.00      0.00     99.43
                all      0.11      0.00      0.45      0.00      0.00     99.43
start----
                all      0.68      0.00     14.22      0.05      0.00     85.05
                all      0.15      0.00     23.56      0.00      0.00     76.28
                all      0.14      0.00      4.88      0.00      0.00     94.98
end------
                all      0.06      0.00      0.30      0.00      0.00     99.64
                all      0.11      0.00      0.45      0.00      0.00     99.44
                all      0.12      0.00      0.45      0.00      0.00     99.43
start----
                all      0.72      0.00      3.38      0.14      0.00     95.76
                all      0.18      0.00     23.49      0.00      0.00     76.33
                all      0.25      0.00     16.77      0.01      0.00     82.97
end------
                all      0.01      0.00      0.09      0.00      0.00     99.90
                all      0.11      0.00      0.45      0.00      0.00     99.44
                all      0.11      0.00      0.46      0.00      0.00     99.42
                all      0.11      0.00      0.45      0.00      0.00     99.44
start----
                all      0.64      0.00     14.63      0.04      0.00     84.69
                all      0.07      0.00     24.01      0.00      0.00     75.92
                all      0.78      0.00     23.18      0.00      0.00     76.03
                all      0.26      0.00     22.88      0.00      0.00     76.86
                all      0.02      0.00      0.10      0.00      0.00     99.88
end------
                all      0.08      0.00      0.29      0.00      0.00     99.63
                all      0.11      0.00      0.45      0.00      0.00     99.44
                all      0.12      0.00      0.45      0.08      0.00     99.35
start----
                all      0.66      0.00      3.40      0.04      0.00     95.90
                all      0.05      0.00     23.64      0.00      0.00     76.31
                all      0.83      0.00     23.29      0.00      0.00     75.88
                all      0.01      0.00     23.71      0.00      0.00     76.27
                all      0.30      0.00     10.33      0.00      0.00     89.37
end------
                all      0.05      0.00      0.18      0.00      0.00     99.77
                all      0.13      0.00      0.44      0.00      0.00     99.43
                all      0.12      0.00      0.45      0.00      0.00     99.44
start----
                all      0.10      0.00      0.40      0.01      0.00     99.49
                all      0.65      0.00     20.81      0.03      0.00     78.51
                all      0.04      0.00     24.06      0.00      0.00     75.90
                all      0.62      0.00     23.16      0.00      0.00     76.22
                all      0.24      0.00     16.55      0.00      0.00     83.21
end------
                all      0.01      0.00      0.07      0.00      0.00     99.91
                all      0.12      0.00      0.44      0.00      0.00     99.44
                all      0.12      0.00      0.44      0.00      0.00     99.44
start----
                all      0.12      0.00      0.44      0.00      0.00     99.44
                all      0.63      0.00     15.10      0.05      0.00     84.22
                all      0.05      0.00     23.92      0.00      0.00     76.04
                all      0.04      0.00     24.20      0.00      0.00     75.76
                all      0.04      0.00     24.23      0.00      0.00     75.73
                all      1.84      0.00     22.10      0.00      0.00     76.06
                all      0.01      0.00     23.69      0.00      0.00     76.29
                all      0.01      0.00     23.69      0.00      0.00     76.30
                all      0.42      0.00     10.94      0.01      0.00     88.63
end------
                all      0.04      0.00      0.17      0.00      0.00     99.79
                all      0.12      0.00      0.45      0.00      0.00     99.44
                all      0.12      0.00      0.45      0.00      0.00     99.43
start----
                all      0.10      0.00      0.39      0.00      0.00     99.50
                all      0.67      0.00     19.73      0.10      0.00     79.49
                all      0.03      0.00     24.05      0.00      0.00     75.91
                all      0.03      0.00     24.22      0.00      0.00     75.74
                all      0.04      0.00     24.22      0.00      0.00     75.74
                all      1.74      0.00     22.05      0.00      0.00     76.22
                all      0.02      0.00     23.69      0.00      0.00     76.29
                all      0.01      0.00     23.68      0.00      0.00     76.30
                all      0.20      0.00      6.21      0.00      0.00     93.59
end------
                all      0.06      0.00      0.27      0.00      0.00     99.67
                all      0.13      0.00      0.44      0.00      0.00     99.44
                all      0.12      0.00      0.44      0.08      0.00     99.36
start----
                all      0.48      0.00      2.41      0.04      0.00     97.07
                all      0.31      0.00     23.21      0.01      0.00     76.47
                all      0.04      0.00     24.15      0.00      0.00     75.81
                all      0.03      0.00     24.24      0.00      0.00     75.72
                all      1.49      0.00     22.63      0.00      0.00     75.88
                all      0.03      0.00     23.71      0.00      0.00     76.27
                all      0.02      0.00     23.68      0.00      0.00     76.30
                all      0.22      0.00     23.49      0.00      0.00     76.28
                all      0.04      0.00      0.84      0.00      0.00     99.12
end------
                all      0.09      0.00      0.37      0.00      0.00     99.54
                all      0.13      0.00      0.45      0.00      0.00     99.42
                all      0.12      0.00      0.45      0.07      0.00     99.36
start----
                all      1.73      0.00      9.04      0.07      0.00     89.16
                all      1.15      0.00     44.78      0.03      0.00     54.04
                all      0.53      0.00      8.50      0.00      0.00     90.97
end------
                all      0.07      0.00      0.28      0.00      0.00     99.65
                all      0.14      0.00      0.43      0.00      0.00     99.44
                all      0.11      0.00      0.45      0.00      0.00     99.44
start----
                all      0.36      0.00      4.58      0.07      0.00     94.99
                all      2.23      0.00     38.66      0.04      0.00     59.07
                all      0.55      0.00     19.31      0.01      0.00     80.12
end------
                all      0.04      0.00      0.13      0.00      0.00     99.83
                all      0.12      0.00      0.46      0.00      0.00     99.42
                all      0.12      0.00      0.45      0.07      0.00     99.36
start----
                all      0.11      0.00      0.40      0.01      0.00     99.48
                all      2.33      0.00     33.83      0.08      0.00     63.76
                all      0.95      0.00     27.90      0.00      0.00     71.15
end------
                all      0.02      0.00      0.07      0.00      0.00     99.91
                all      0.12      0.00      0.45      0.00      0.00     99.43
                all      0.13      0.00      0.44      0.08      0.00     99.36
                all      0.13      0.00      0.45      0.01      0.00     99.41
start----
                all      2.16      0.00     23.77      0.05      0.00     74.03
                all      0.51      0.00     46.26      0.00      0.00     53.23
                all      0.54      0.00     38.55      0.00      0.00     60.91
                all      0.02      0.00      0.07      0.01      0.00     99.90
end------
                all      0.08      0.00      0.32      0.00      0.00     99.59
                all      0.13      0.00      0.43      0.00      0.00     99.44
                all      0.13      0.00      0.44      0.00      0.00     99.43
start----
                all      1.19      0.00      6.28      0.05      0.00     92.48
                all      1.00      0.00     45.38      0.02      0.00     53.60
                all      0.49      0.00     45.85      0.00      0.00     53.66
                all      0.55      0.00     13.83      0.00      0.00     85.62
end------
                all      0.05      0.00      0.20      0.00      0.00     99.75
                all      0.13      0.00      0.44      0.00      0.00     99.43
                all      0.12      0.00      0.45      0.08      0.00     99.35
start----
                all      0.14      0.00      0.84      0.06      0.00     98.96
                all      2.18      0.00     37.19      0.07      0.00     60.56
                all      0.45      0.00     46.16      0.00      0.00     53.39
                all      0.50      0.00     26.83      0.00      0.00     72.67
end------
                all      0.01      0.00      0.08      0.00      0.00     99.91
                all      0.12      0.00      0.46      0.00      0.00     99.42
                all      0.13      0.00      0.44      0.07      0.00     99.36
start----
                all      0.13      0.00      0.42      0.00      0.00     99.44
                all      2.33      0.00     25.51      0.07      0.00     72.09
                all      0.04      0.00     47.33      0.00      0.00     52.62
                all      0.67      0.00     46.70      0.00      0.00     52.64
                all      0.02      0.00     46.26      0.00      0.00     53.72
                all      0.68      0.00     45.04      0.00      0.00     54.28
                all      0.03      0.00      0.89      0.00      0.00     99.08
end------
                all      0.10      0.00      0.35      0.00      0.00     99.55
                all      0.13      0.00      0.45      0.00      0.00     99.42
                all      0.11      0.00      0.46      0.00      0.00     99.43
start----
                all      1.18      0.00      8.07      0.07      0.00     90.68
                all      1.10      0.00     45.44      0.03      0.00     53.43
                all      0.04      0.00     47.65      0.00      0.00     52.30
                all      0.53      0.00     45.83      0.00      0.00     53.63
                all      0.02      0.00     46.27      0.00      0.00     53.71
                all      0.72      0.00     17.54      0.00      0.00     81.74
end------
                all      0.03      0.00      0.08      0.00      0.00     99.89
                all      0.13      0.00      0.43      0.00      0.00     99.44
                all      0.12      0.00      0.46      0.00      0.00     99.42
                all      0.14      0.00      0.42      0.00      0.00     99.44
start----
                all      2.24      0.00     25.83      0.08      0.00     71.85
                all      0.04      0.00     47.32      0.00      0.00     52.65
                all      0.51      0.00     47.02      0.00      0.00     52.47
                all      0.02      0.00     46.28      0.00      0.00     53.71
                all      0.62      0.00     44.96      0.00      0.00     54.42
                all      0.03      0.00      0.72      0.00      0.00     99.25
end------
                all      0.09      0.00      0.35      0.00      0.00     99.56
                all      0.12      0.00      0.44      0.00      0.00     99.44
                all      0.13      0.00      0.45      0.00      0.00     99.42
start----
                all      1.52      0.00      8.49      0.07      0.00     89.93
                all      0.82      0.00     45.51      0.03      0.00     53.64
