
Linux 5.2.8200225+ (knl03.kisti.re.kr) 	2020년 04월 06일 	_x86_64_	(272 CPU)

                CPU     %user     %nice   %system   %iowait    %steal     %idle
                all      0.03      0.00      0.10      0.00      0.00     99.87
                all      0.03      0.00      0.08      0.15      0.00     99.74
                all      0.01      0.00      0.07      0.37      0.00     99.55
                all      0.03      0.00      0.07      0.36      0.00     99.54
                all      0.01      0.00      0.08      0.35      0.00     99.55
                all      0.01      0.00      0.13      0.25      0.00     99.61
                all      0.02      0.00      0.11      0.07      0.00     99.79
                all      0.03      0.00      0.12      0.00      0.00     99.85
                all      0.09      0.00      0.19      0.01      0.00     99.71
                all      0.02      0.00      0.16      0.00      0.00     99.81
                all      0.01      0.00      0.08      0.00      0.00     99.91
                all      0.01      0.00      0.07      0.00      0.00     99.92
start----
                all      0.08      0.00      0.41      0.02      0.00     99.49
                all      0.04      0.00      3.00      0.00      0.00     96.96
                all      0.04      0.00      0.71      0.00      0.00     99.25
end------
                all      0.07      0.00      0.34      0.00      0.00     99.59
                all      0.11      0.00      0.46      0.00      0.00     99.43
                all      0.11      0.00      0.45      0.00      0.00     99.44
start----
                all      0.13      0.00      0.92      0.02      0.00     98.93
                all      0.04      0.00      3.01      0.00      0.00     96.95
                all      0.03      0.00      0.38      0.00      0.00     99.59
end------
                all      0.09      0.00      0.38      0.00      0.00     99.54
                all      0.11      0.00      0.46      0.00      0.00     99.43
                all      0.11      0.00      0.46      0.00      0.00     99.42
start----
                all      0.11      0.00      1.22      0.02      0.00     98.65
                all      0.06      0.00      2.94      0.00      0.00     97.00
end------
                all      0.02      0.00      0.05      0.00      0.00     99.93
                all      0.10      0.00      0.43      0.00      0.00     99.47
                all      0.11      0.00      0.45      0.00      0.00     99.43
                all      0.11      0.00      0.47      0.00      0.00     99.41
start----
                all      0.11      0.00      1.55      0.01      0.00     98.33
                all      0.03      0.00      3.01      0.00      0.00     96.96
                all      0.03      0.00      3.00      0.00      0.00     96.96
                all      0.05      0.00      0.57      0.01      0.00     99.38
end------
                all      0.07      0.00      0.31      0.00      0.00     99.62
                all      0.11      0.00      0.45      0.00      0.00     99.43
                all      0.12      0.00      0.45      0.07      0.00     99.35
start----
                all      0.13      0.00      0.94      0.02      0.00     98.90
                all      0.03      0.00      3.01      0.00      0.00     96.96
                all      0.06      0.00      2.99      0.00      0.00     96.95
                all      0.05      0.00      1.19      0.01      0.00     98.75
end------
                all      0.05      0.00      0.23      0.00      0.00     99.72
                all      0.11      0.00      0.46      0.00      0.00     99.44
                all      0.11      0.00      0.46      0.07      0.00     99.36
start----
                all      0.14      0.00      0.51      0.03      0.00     99.32
                all      0.03      0.00      3.00      0.00      0.00     96.97
                all      0.05      0.00      2.98      0.00      0.00     96.97
                all      0.06      0.00      1.73      0.00      0.00     98.21
end------
                all      0.03      0.00      0.15      0.00      0.00     99.82
                all      0.11      0.00      0.46      0.00      0.00     99.42
                all      0.11      0.00      0.47      0.08      0.00     99.34
start----
                all      0.11      0.00      0.44      0.00      0.00     99.45
                all      0.11      0.00      2.67      0.02      0.00     97.21
                all      0.03      0.00      3.01      0.00      0.00     96.96
                all      0.03      0.00      3.52      0.00      0.00     96.45
                all      0.07      0.00      3.37      0.00      0.00     96.56
                all      0.02      0.00      3.02      0.00      0.00     96.96
                all      0.09      0.00      1.36      0.00      0.00     98.54
end------
                all      0.05      0.00      0.17      0.00      0.00     99.78
                all      0.13      0.00      0.46      0.00      0.00     99.41
                all      0.11      0.00      0.46      0.07      0.00     99.36
start----
                all      0.11      0.00      0.39      0.00      0.00     99.49
                all      0.07      0.00      2.89      0.01      0.00     97.02
                all      0.04      0.00      3.01      0.00      0.00     96.95
                all      0.03      0.00      3.53      0.00      0.00     96.44
                all      0.08      0.00      3.26      0.00      0.00     96.66
                all      0.01      0.00      3.02      0.00      0.00     96.97
                all      0.09      0.00      0.86      0.00      0.00     99.05
end------
                all      0.03      0.00      0.17      0.00      0.00     99.80
                all      0.12      0.00      0.46      0.00      0.00     99.41
                all      0.12      0.00      0.45      0.08      0.00     99.35
start----
                all      0.10      0.00      0.41      0.01      0.00     99.48
                all      0.07      0.00      2.83      0.01      0.00     97.08
                all      0.03      0.00      3.00      0.00      0.00     96.97
                all      0.03      0.00      3.55      0.00      0.00     96.41
                all      0.12      0.00      3.30      0.00      0.00     96.58
                all      0.01      0.00      3.02      0.00      0.00     96.97
                all      0.14      0.00      1.07      0.00      0.00     98.78
end------
                all      0.04      0.00      0.18      0.00      0.00     99.78
                all      0.13      0.00      0.45      0.00      0.00     99.42
                all      0.12      0.00      0.45      0.00      0.00     99.43
start----
                all      0.11      0.00      0.41      0.00      0.00     99.48
                all      0.07      0.00      2.63      0.01      0.00     97.29
                all      0.02      0.00      3.01      0.00      0.00     96.97
                all      0.03      0.00      3.47      0.00      0.00     96.50
                all      0.03      0.00      3.52      0.00      0.00     96.45
                all      0.04      0.00      3.51      0.00      0.00     96.45
                all      0.03      0.00      3.53      0.00      0.00     96.44
                all      0.02      0.00      3.36      0.16      0.00     96.46
                all      0.24      0.00      2.48      0.57      0.00     96.70
                all      0.01      0.00      3.02      0.00      0.00     96.97
                all      0.02      0.00      3.02      0.00      0.00     96.97
                all      0.03      0.00      3.00      0.00      0.00     96.97
                all      0.12      0.00      0.15      0.00      0.00     99.73
end------
                all      0.09      0.00      0.36      0.00      0.00     99.56
                all      0.13      0.00      0.44      0.00      0.00     99.44
                all      0.12      0.00      0.45      0.00      0.00     99.43
start----
                all      0.11      0.00      1.36      0.01      0.00     98.51
                all      0.03      0.00      3.00      0.00      0.00     96.97
                all      0.04      0.00      3.15      0.00      0.00     96.81
                all      0.04      0.00      3.61      0.00      0.00     96.35
                all      0.03      0.00      3.58      0.00      0.00     96.39
                all      0.03      0.00      3.59      0.00      0.00     96.38
                all      0.03      0.00      3.57      0.00      0.00     96.40
                all      0.07      0.00      2.23      1.15      0.00     96.54
                all      0.26      0.00      2.79      0.12      0.00     96.83
                all      0.01      0.00      3.02      0.00      0.00     96.97
                all      0.02      0.00      3.02      0.00      0.00     96.97
                all      0.26      0.00      2.08      0.00      0.00     97.66
end------
                all      0.02      0.00      0.06      0.00      0.00     99.92
                all      0.11      0.00      0.43      0.00      0.00     99.46
                all      0.11      0.00      0.45      0.00      0.00     99.44
                all      0.15      0.00      0.52      0.00      0.00     99.32
start----
                all      0.11      0.00      1.53      0.01      0.00     98.34
                all      0.03      0.00      3.01      0.00      0.00     96.96
                all      0.04      0.00      3.18      0.00      0.00     96.78
                all      0.03      0.00      3.55      0.00      0.00     96.41
                all      0.03      0.00      3.52      0.00      0.00     96.45
                all      0.03      0.00      3.56      0.00      0.00     96.41
                all      0.03      0.00      3.62      0.00      0.00     96.34
                all      0.21      0.00      2.57      0.83      0.00     96.39
                all      0.01      0.00      3.13      0.00      0.00     96.85
                all      0.01      0.00      3.02      0.00      0.00     96.97
                all      0.03      0.00      3.03      0.00      0.00     96.94
                all      0.36      0.00      1.54      0.00      0.00     98.10
end------
                all      0.01      0.00      0.04      0.00      0.00     99.95
                all      0.10      0.00      0.46      0.00      0.00     99.44
                all      0.16      0.00      0.46      0.04      0.00     99.33
                all      0.14      0.00      0.46      0.00      0.00     99.40
start----
                all      0.13      0.00      3.67      0.03      0.00     96.17
                all      0.07      0.00      3.68      0.00      0.00     96.24
end------
                all      0.02      0.00      0.10      0.00      0.00     99.88
                all      0.12      0.00      0.45      0.00      0.00     99.43
                all      0.11      0.00      0.46      0.07      0.00     99.36
start----
                all      0.10      0.00      0.43      0.00      0.00     99.47
                all      0.15      0.00      4.84      0.01      0.00     94.99
                all      0.06      0.00      2.35      0.00      0.00     97.58
end------
                all      0.06      0.00      0.24      0.00      0.00     99.69
                all      0.11      0.00      0.46      0.00      0.00     99.43
                all      0.11      0.00      0.46      0.00      0.00     99.42
start----
                all      0.18      0.00      0.63      0.02      0.00     99.17
                all      0.07      0.00      5.92      0.00      0.00     94.01
                all      0.04      0.00      1.05      0.00      0.00     98.91
end------
                all      0.09      0.00      0.35      0.00      0.00     99.56
                all      0.10      0.00      0.45      0.00      0.00     99.44
                all      0.13      0.00      0.45      0.00      0.00     99.43
start----
                all      0.18      0.00      1.84      0.02      0.00     97.96
                all      0.04      0.00      5.96      0.00      0.00     94.01
                all      0.06      0.00      5.93      0.00      0.00     94.01
                all      0.08      0.00      0.58      0.00      0.00     99.34
end------
                all      0.07      0.00      0.29      0.00      0.00     99.64
                all      0.10      0.00      0.46      0.00      0.00     99.44
                all      0.11      0.00      0.46      0.00      0.00     99.43
start----
                all      0.18      0.00      0.94      0.01      0.00     98.86
                all      0.03      0.00      5.95      0.00      0.00     94.01
                all      0.04      0.00      5.94      0.00      0.00     94.02
                all      0.06      0.00      1.61      0.00      0.00     98.32
end------
                all      0.07      0.00      0.27      0.00      0.00     99.67
                all      0.11      0.00      0.45      0.00      0.00     99.43
                all      0.11      0.00      0.47      0.07      0.00     99.35
start----
                all      0.18      0.00      1.14      0.03      0.00     98.65
                all      0.03      0.00      5.94      0.00      0.00     94.02
                all      0.05      0.00      5.93      0.00      0.00     94.02
                all      0.07      0.00      1.35      0.00      0.00     98.58
end------
                all      0.06      0.00      0.24      0.00      0.00     99.71
                all      0.12      0.00      0.45      0.00      0.00     99.43
                all      0.11      0.00      0.46      0.00      0.00     99.42
start----
                all      0.13      0.00      0.59      0.03      0.00     99.25
                all      0.11      0.00      5.86      0.00      0.00     94.03
                all      0.04      0.00      6.14      0.00      0.00     93.82
                all      0.14      0.00      6.33      0.00      0.00     93.53
                all      0.02      0.00      5.99      0.00      0.00     94.00
                all      0.23      0.00      4.13      0.00      0.00     95.63
end------
                all      0.02      0.00      0.11      0.00      0.00     99.87
                all      0.11      0.00      0.46      0.00      0.00     99.42
                all      0.11      0.00      0.46      0.00      0.00     99.43
                all      0.11      0.00      0.45      0.00      0.00     99.44
start----
                all      0.14      0.00      4.24      0.01      0.00     95.60
                all      0.03      0.00      6.00      0.00      0.00     93.97
                all      0.04      0.00      6.52      0.00      0.00     93.44
                all      0.09      0.00      5.99      0.00      0.00     93.92
                all      0.17      0.00      5.81      0.00      0.00     94.02
                all      0.04      0.00      0.11      0.00      0.00     99.85
end------
                all      0.11      0.00      0.42      0.00      0.00     99.47
                all      0.17      0.00      0.55      0.01      0.00     99.27
                all      0.16      0.00      0.50      0.00      0.00     99.34
start----
                all      0.16      0.00      2.68      0.02      0.00     97.14
                all      0.04      0.00      5.95      0.00      0.00     94.01
                all      0.03      0.00      6.36      0.00      0.00     93.61
                all      0.16      0.00      6.12      0.00      0.00     93.73
                all      0.02      0.00      5.96      0.00      0.00     94.02
                all      0.24      0.00      1.69      0.01      0.00     98.06
end------
                all      0.03      0.00      0.18      0.00      0.00     99.79
                all      0.12      0.00      0.45      0.00      0.00     99.43
                all      0.11      0.00      0.46      0.07      0.00     99.37
start----
                all      0.10      0.00      0.41      0.01      0.00     99.48
                all      0.13      0.00      5.42      0.02      0.00     94.43
                all      0.04      0.00      6.08      0.00      0.00     93.88
                all      0.03      0.00      6.48      0.00      0.00     93.48
                all      0.04      0.00      6.57      0.00      0.00     93.38
                all      0.03      0.00      6.55      0.00      0.00     93.42
                all      0.52      0.00      3.19      2.77      0.00     93.52
                all      0.02      0.00      6.00      0.01      0.00     93.96
                all      0.01      0.00      5.97      0.00      0.00     94.02
                all      0.01      0.00      5.96      0.00      0.00     94.02
                all      0.34      0.00      4.94      0.00      0.00     94.72
                all      0.02      0.00      0.07      0.00      0.00     99.90
end------
                all      0.08      0.00      0.34      0.00      0.00     99.57
                all      0.11      0.00      0.45      0.00      0.00     99.44
                all      0.13      0.00      0.46      0.08      0.00     99.34
start----
                all      0.17      0.00      2.28      0.01      0.00     97.53
                all      0.03      0.00      5.95      0.00      0.00     94.01
                all      0.03      0.00      6.34      0.00      0.00     93.63
                all      0.04      0.00      6.52      0.00      0.00     93.44
                all      0.03      0.00      6.53      0.00      0.00     93.45
                all      0.04      0.00      5.68      0.83      0.00     93.45
                all      0.53      0.00      4.37      1.32      0.00     93.77
                all      0.01      0.00      5.98      0.00      0.00     94.01
                all      0.01      0.00      5.96      0.00      0.00     94.02
                all      0.02      0.00      5.99      0.00      0.00     94.00
                all      0.22      0.00      2.00      0.01      0.00     97.77
end------
                all      0.06      0.00      0.22      0.00      0.00     99.71
                all      0.12      0.00      0.45      0.00      0.00     99.43
                all      0.11      0.00      0.46      0.07      0.00     99.35
start----
                all      0.16      0.00      0.63      0.02      0.00     99.20
                all      0.06      0.00      5.92      0.00      0.00     94.02
                all      0.03      0.00      6.16      0.00      0.00     93.81
                all      0.03      0.00      6.53      0.00      0.00     93.44
                all      0.03      0.00      6.53      0.00      0.00     93.44
                all      0.04      0.00      6.51      0.00      0.00     93.45
                all      0.44      0.00      3.85      2.04      0.00     93.66
                all      0.02      0.00      6.00      0.00      0.00     93.98
                all      0.02      0.00      6.00      0.00      0.00     93.98
                all      0.03      0.00      6.03      0.00      0.00     93.94
                all      0.23      0.00      3.58      0.00      0.00     96.18
end------
                all      0.02      0.00      0.11      0.00      0.00     99.87
                all      0.12      0.00      0.44      0.00      0.00     99.44
                all      0.11      0.00      0.46      0.07      0.00     99.37
start----
                all      0.11      0.00      0.43      0.00      0.00     99.45
                all      0.31      0.00      8.98      0.03      0.00     90.69
                all      0.06      0.00      5.77      0.00      0.00     94.17
end------
                all      0.05      0.00      0.17      0.00      0.00     99.78
                all      0.12      0.00      0.45      0.00      0.00     99.43
                all      0.14      0.00      0.45      0.00      0.00     99.41
start----
                all      0.10      0.00      0.41      0.00      0.00     99.48
                all      0.29      0.00     10.70      0.03      0.00     88.99
                all      0.07      0.00      3.86      0.00      0.00     96.08
end------
                all      0.06      0.00      0.25      0.00      0.00     99.69
                all      0.13      0.00      0.44      0.00      0.00     99.44
                all      0.12      0.00      0.45      0.07      0.00     99.36
start----
                all      0.25      0.00      1.17      0.03      0.00     98.55
                all      0.18      0.00     11.67      0.00      0.00     88.15
                all      0.06      0.00      2.23      0.00      0.00     97.70
end------
                all      0.08      0.00      0.31      0.00      0.00     99.61
                all      0.11      0.00      0.45      0.00      0.00     99.44
                all      0.13      0.00      0.44      0.08      0.00     99.35
start----
                all      0.31      0.00      2.65      0.02      0.00     97.02
                all      0.03      0.00     11.85      0.00      0.00     88.12
                all      0.05      0.00     11.83      0.00      0.00     88.12
                all      0.08      0.00      2.17      0.00      0.00     97.75
end------
                all      0.05      0.00      0.23      0.00      0.00     99.73
                all      0.13      0.00      0.44      0.00      0.00     99.44
                all      0.11      0.00      0.45      0.07      0.00     99.36
start----
                all      0.14      0.00      0.94      0.04      0.00     98.87
                all      0.22      0.00     11.32      0.00      0.00     88.46
                all      0.15      0.00     11.73      0.00      0.00     88.12
                all      0.08      0.00      4.75      0.00      0.00     95.16
end------
                all      0.05      0.00      0.22      0.00      0.00     99.73
                all      0.12      0.00      0.44      0.00      0.00     99.44
                all      0.13      0.00      0.46      0.00      0.00     99.42
start----
                all      0.14      0.00      0.93      0.03      0.00     98.91
                all      0.22      0.00     11.29      0.00      0.00     88.49
                all      0.08      0.00     11.80      0.00      0.00     88.12
                all      0.08      0.00      4.61      0.00      0.00     95.31
end------
                all      0.06      0.00      0.22      0.00      0.00     99.72
                all      0.12      0.00      0.45      0.00      0.00     99.44
                all      0.12      0.00      0.45      0.00      0.00     99.43
start----
                all      0.15      0.00      0.91      0.02      0.00     98.92
                all      0.22      0.00     11.39      0.00      0.00     88.39
                all      0.04      0.00     12.10      0.00      0.00     87.86
                all      0.24      0.00     12.14      0.00      0.00     87.63
                all      0.02      0.00     11.88      0.00      0.00     88.11
                all      0.29      0.00      8.39      0.00      0.00     91.32
end------
                all      0.01      0.00      0.04      0.00      0.00     99.94
                all      0.12      0.00      0.42      0.00      0.00     99.47
                all      0.12      0.00      0.45      0.00      0.00     99.43
                all      0.12      0.00      0.44      0.00      0.00     99.44
start----
                all      0.29      0.00      5.88      0.03      0.00     93.81
                all      0.04      0.00     11.84      0.00      0.00     88.12
                all      0.04      0.00     12.34      0.00      0.00     87.62
                all      0.14      0.00     11.96      0.01      0.00     87.89
                all      0.01      0.00     11.87      0.00      0.00     88.12
                all      0.37      0.00      2.55      0.01      0.00     97.06
end------
                all      0.07      0.00      0.28      0.00      0.00     99.65
                all      0.11      0.00      0.46      0.00      0.00     99.43
                all      0.13      0.00      0.45      0.00      0.00     99.42
start----
                all      0.11      0.00      0.42      0.00      0.00     99.47
                all      0.25      0.00     11.23      0.02      0.00     88.50
                all      0.03      0.00     12.03      0.00      0.00     87.94
                all      0.22      0.00     12.16      0.00      0.00     87.61
                all      0.02      0.00     11.86      0.00      0.00     88.12
                all      0.19      0.00      9.00      0.00      0.00     90.81
end------
                all      0.01      0.00      0.08      0.00      0.00     99.91
                all      0.13      0.00      0.45      0.00      0.00     99.42
                all      0.11      0.00      0.46      0.00      0.00     99.44
                all      0.12      0.00      0.45      0.00      0.00     99.44
start----
                all      0.26      0.00      7.19      0.03      0.00     92.52
                all      0.03      0.00     11.85      0.00      0.00     88.11
                all      0.03      0.00     12.42      0.00      0.00     87.56
                all      0.04      0.00     12.42      0.00      0.00     87.54
                all      0.03      0.00     12.45      0.00      0.00     87.52
                all      0.31      0.00     12.11      0.00      0.00     87.58
                all      0.01      0.00     11.86      0.00      0.00     88.12
                all      0.02      0.00     11.86      0.00      0.00     88.12
                all      0.02      0.00     11.86      0.00      0.00     88.12
                all      0.23      0.00      8.93      0.00      0.00     90.84
                all      0.02      0.00      0.07      0.01      0.00     99.91
end------
                all      0.10      0.00      0.37      0.00      0.00     99.53
                all      0.13      0.00      0.44      0.00      0.00     99.43
                all      0.13      0.00      0.45      0.00      0.00     99.42
start----
                all      0.30      0.00      4.79      0.03      0.00     94.89
                all      0.03      0.00     11.85      0.00      0.00     88.12
                all      0.04      0.00     12.25      0.00      0.00     87.72
                all      0.03      0.00     12.44      0.00      0.00     87.53
                all      0.03      0.00     12.42      0.00      0.00     87.55
                all      0.06      0.00     12.41      0.00      0.00     87.53
                all      0.53      0.00     11.52      0.00      0.00     87.95
                all      0.01      0.00     11.87      0.00      0.00     88.12
                all      0.02      0.00     11.86      0.00      0.00     88.12
                all      0.32      0.00     11.57      0.00      0.00     88.12
                all      0.18      0.00      0.32      0.00      0.00     99.50
end------
                all      0.11      0.00      0.39      0.00      0.00     99.50
                all      0.13      0.00      0.45      0.00      0.00     99.42
                all      0.13      0.00      0.44      0.00      0.00     99.43
start----
                all      0.33      0.00      4.36      0.03      0.00     95.28
                all      0.03      0.00     11.85      0.00      0.00     88.12
                all      0.04      0.00     12.27      0.00      0.00     87.70
                all      0.03      0.00     12.43      0.00      0.00     87.54
                all      0.03      0.00     12.45      0.00      0.00     87.52
                all      0.03      0.00     12.45      0.00      0.00     87.52
                all      0.42      0.00     11.55      0.00      0.00     88.03
                all      0.01      0.00     11.86      0.00      0.00     88.13
                all      0.02      0.00     11.87      0.00      0.00     88.11
                all      0.15      0.00     11.75      0.00      0.00     88.11
                all      0.11      0.00      0.33      0.00      0.00     99.56
end------
                all      0.10      0.00      0.35      0.00      0.00     99.55
                all      0.14      0.00      0.44      0.00      0.00     99.43
                all      0.14      0.00      0.44      0.08      0.00     99.35
start----
                all      0.71      0.00      7.22      0.05      0.00     92.03
                all      0.31      0.00     22.97      0.01      0.00     76.71
                all      0.10      0.00      0.12      0.01      0.00     99.78
end------
                all      0.11      0.00      0.37      0.00      0.00     99.52
                all      0.14      0.00      0.43      0.00      0.00     99.43
                all      0.15      0.00      0.51      0.00      0.00     99.34
start----
                all      0.65      0.00      8.33      0.08      0.00     90.93
                all      0.26      0.00     21.66      0.00      0.00     78.08
                all      0.02      0.00      0.06      0.00      0.00     99.92
end------
                all      0.16      0.00      0.55      0.01      0.00     99.29
                all      0.23      0.00      0.59      0.01      0.00     99.17
                all      0.14      0.00      0.51      0.03      0.00     99.32
start----
                all      0.62      0.00      9.71      0.08      0.00     89.60
                all      0.30      0.00     20.25      0.00      0.00     79.45
end------
                all      0.01      0.00      0.10      0.01      0.00     99.88
                all      0.16      0.00      0.51      0.02      0.00     99.31
                all      0.15      0.00      0.49      0.00      0.00     99.35
                all      0.24      0.00      0.58      0.00      0.00     99.17
start----
                all      0.69      0.00      7.27      0.05      0.00     91.99
                all      0.04      0.00     23.65      0.00      0.00     76.31
                all      0.14      0.00     23.52      0.00      0.00     76.34
                all      0.15      0.00      2.24      0.01      0.00     97.60
end------
                all      0.09      0.00      0.31      0.00      0.00     99.60
                all      0.14      0.00      0.42      0.00      0.00     99.43
                all      0.13      0.00      0.44      0.00      0.00     99.43
start----
                all      0.70      0.00      4.25      0.10      0.00     94.96
                all      0.04      0.00     23.64      0.00      0.00     76.32
                all      0.15      0.00     23.53      0.00      0.00     76.32
                all      0.14      0.00      5.73      0.01      0.00     94.11
end------
                all      0.06      0.00      0.25      0.00      0.00     99.68
                all      0.13      0.00      0.43      0.00      0.00     99.44
                all      0.13      0.00      0.46      0.00      0.00     99.41
start----
                all      0.32      0.00      1.65      0.05      0.00     97.98
                all      0.40      0.00     22.85      0.00      0.00     76.74
                all      0.17      0.00     23.47      0.00      0.00     76.37
                all      0.17      0.00      9.15      0.00      0.00     90.68
end------
                all      0.05      0.00      0.20      0.00      0.00     99.75
                all      0.14      0.00      0.43      0.00      0.00     99.43
                all      0.13      0.00      0.44      0.08      0.00     99.35
start----
                all      0.14      0.00      0.62      0.03      0.00     99.21
                all      0.62      0.00     21.42      0.06      0.00     77.90
                all      0.04      0.00     23.84      0.00      0.00     76.12
                all      0.20      0.00     23.81      0.04      0.00     75.95
                all      0.01      0.00     23.68      0.00      0.00     76.32
                all      0.39      0.00     18.60      0.00      0.00     81.00
end------
                all      0.00      0.00      0.03      0.00      0.00     99.96
                all      0.14      0.00      0.41      0.00      0.00     99.45
                all      0.15      0.00      0.42      0.05      0.00     99.39
                all      0.13      0.00      0.44      0.02      0.00     99.41
start----
                all      0.72      0.00     12.09      0.05      0.00     87.14
                all      0.03      0.00     23.65      0.00      0.00     76.32
                all      0.04      0.00     24.13      0.00      0.00     75.83
                all      0.17      0.00     23.55      0.04      0.00     76.24
                all      0.01      0.00     23.66      0.00      0.00     76.33
                all      0.35      0.00      4.41      0.00      0.00     95.24
end------
                all      0.09      0.00      0.24      0.00      0.00     99.67
                all      0.14      0.00      0.43      0.00      0.00     99.43
                all      0.14      0.00      0.44      0.08      0.00     99.35
start----
                all      0.65      0.00      2.80      0.06      0.00     96.49
                all      0.03      0.00     23.65      0.00      0.00     76.33
                all      0.04      0.00     23.95      0.00      0.00     76.01
                all      0.25      0.00     23.68      0.01      0.00     76.06
                all      0.02      0.00     23.65      0.00      0.00     76.33
                all      0.39      0.00     14.06      0.00      0.00     85.55
end------
                all      0.00      0.00      0.03      0.00      0.00     99.97
                all      0.14      0.00      0.48      0.00      0.00     99.38
                all      0.14      0.00      0.45      0.00      0.00     99.41
                all      0.13      0.00      0.43      0.00      0.00     99.44
start----
                all      0.72      0.00     12.07      0.08      0.00     87.13
                all      0.04      0.00     23.65      0.00      0.00     76.31
                all      0.04      0.00     24.10      0.00      0.00     75.86
                all      0.04      0.00     24.16      0.00      0.00     75.80
                all      0.04      0.00     24.13      0.00      0.00     75.83
                all      0.42      0.00     23.61      0.00      0.00     75.97
                all      0.02      0.00     23.67      0.00      0.00     76.30
                all      0.03      0.00     23.66      0.00      0.00     76.31
                all      0.02      0.00     23.65      0.00      0.00     76.33
                all      0.46      0.00     18.72      0.00      0.00     80.82
                all      0.02      0.00      0.07      0.00      0.00     99.91
end------
                all      0.11      0.00      0.35      0.00      0.00     99.53
                all      0.14      0.00      0.43      0.00      0.00     99.43
                all      0.13      0.00      0.45      0.00      0.00     99.42
start----
                all      0.73      0.00      6.64      0.11      0.00     92.52
                all      0.03      0.00     23.65      0.00      0.00     76.32
                all      0.04      0.00     24.04      0.00      0.00     75.93
                all      0.04      0.00     24.13      0.00      0.00     75.83
                all      0.04      0.00     24.12      0.00      0.00     75.83
                all      0.04      0.00     24.13      0.00      0.00     75.83
                all      0.37      0.00     23.35      0.03      0.00     76.25
                all      0.02      0.00     23.67      0.00      0.00     76.31
                all      0.02      0.00     23.65      0.00      0.00     76.33
                all      0.24      0.00     23.46      0.00      0.00     76.30
                all      0.26      0.00      0.94      0.00      0.00     98.79
end------
                all      0.09      0.00      0.33      0.00      0.00     99.58
                all      0.13      0.00      0.43      0.00      0.00     99.44
                all      0.13      0.00      0.44      0.07      0.00     99.36
start----
                all      0.66      0.00      5.93      0.04      0.00     93.36
                all      0.03      0.00     23.65      0.00      0.00     76.32
                all      0.03      0.00     24.00      0.00      0.00     75.97
                all      0.03      0.00     24.25      0.00      0.00     75.72
                all      0.04      0.00     24.22      0.00      0.00     75.74
                all      0.04      0.00     24.24      0.00      0.00     75.73
                all      0.35      0.00     23.48      0.00      0.00     76.17
                all      0.01      0.00     23.65      0.00      0.00     76.34
                all      0.02      0.00     23.66      0.00      0.00     76.32
                all      0.02      0.00     23.65      0.00      0.00     76.33
                all      0.32      0.00      1.80      0.00      0.00     97.88
end------
                all      0.11      0.00      0.35      0.00      0.00     99.54
                all      0.13      0.00      0.44      0.00      0.00     99.43
                all      0.13      0.00      0.44      0.00      0.00     99.43
start----
                all      1.23      0.00      7.24      0.06      0.00     91.47
                all      1.65      0.00     44.79      0.02      0.00     53.53
                all      0.48      0.00     21.61      0.01      0.00     77.90
end------
                all      0.03      0.00      0.14      0.00      0.00     99.82
                all      0.13      0.00      0.44      0.00      0.00     99.43
                all      0.13      0.00      0.44      0.00      0.00     99.43
start----
                all      0.13      0.00      0.40      0.01      0.00     99.47
                all      2.15      0.00     31.97      0.10      0.00     65.78
                all      1.04      0.00     41.60      0.00      0.00     57.36
                all      0.02      0.00      0.07      0.00      0.00     99.90
end------
                all      0.11      0.00      0.38      0.00      0.00     99.51
                all      0.13      0.00      0.44      0.01      0.00     99.42
                all      0.13      0.00      0.44      0.00      0.00     99.44
start----
                all      2.25      0.00     10.38      0.07      0.00     87.30
                all      0.65      0.00     46.15      0.00      0.00     53.19
                all      0.50      0.00     17.51      0.00      0.00     81.99
end------
                all      0.06      0.00      0.27      0.00      0.00     99.66
                all      0.14      0.00      0.43      0.00      0.00     99.44
                all      0.13      0.00      0.44      0.00      0.00     99.44
start----
                all      0.12      0.00      0.39      0.00      0.00     99.48
                all      2.23      0.00     35.67      0.04      0.00     62.06
                all      0.58      0.00     46.45      0.00      0.00     52.97
                all      0.16      0.00     47.09      0.00      0.00     52.75
                all      0.41      0.00      4.07      0.00      0.00     95.52
end------
                all      0.08      0.00      0.29      0.00      0.00     99.63
                all      0.15      0.00      0.41      0.00      0.00     99.43
                all      0.14      0.00      0.42      0.00      0.00     99.44
