
Linux 5.2.8200225+ (knl03.kisti.re.kr) 	2020년 04월 04일 	_x86_64_	(272 CPU)

                CPU     %user     %nice   %system   %iowait    %steal     %idle
                all      0.03      0.00      0.10      0.00      0.00     99.87
                all      0.03      0.00      0.08      0.15      0.00     99.74
                all      0.03      0.00      0.08      0.37      0.00     99.53
                all      0.02      0.00      0.07      0.37      0.00     99.54
                all      0.02      0.00      0.08      0.24      0.00     99.67
                all      0.03      0.00      0.16      0.25      0.00     99.57
                all      0.03      0.00      0.10      0.03      0.00     99.84
                all      0.03      0.00      0.12      0.00      0.00     99.85
                all      0.09      0.00      0.30      0.02      0.00     99.59
                all      0.01      0.00      0.08      0.00      0.00     99.91
                all      0.01      0.00      0.08      0.00      0.00     99.91
                all      0.01      0.00      0.07      0.00      0.00     99.91
start----
                all      0.08      0.00      1.56      0.01      0.00     98.35
                all      0.06      0.00      1.90      0.01      0.00     98.04
                all      0.01      0.00      0.07      0.00      0.00     99.91
                all      0.01      0.00      0.07      0.00      0.00     99.91
                all      0.02      0.00      0.08      0.00      0.00     99.90
                all      0.02      0.00      0.09      0.00      0.00     99.89
                all      0.14      0.00      2.44      0.02      0.00     97.40
                all      0.03      0.00      0.93      0.00      0.00     99.03
end------
                all      0.06      0.00      0.27      0.00      0.00     99.68
                all      0.12      0.00      0.45      0.00      0.00     99.43
                all      0.11      0.00      0.46      0.00      0.00     99.43
start----
                all      0.13      0.00      0.78      0.01      0.00     99.07
                all      0.05      0.00      2.84      0.00      0.00     97.11
end------
                all      0.01      0.00      0.04      0.00      0.00     99.95
                all      0.11      0.00      0.44      0.00      0.00     99.45
                all      0.11      0.00      0.47      0.00      0.00     99.41
                all      0.12      0.00      0.46      0.00      0.00     99.42
start----
                all      0.10      0.00      1.70      0.01      0.00     98.18
                all      0.04      0.00      2.99      0.00      0.00     96.97
                all      0.05      0.00      2.01      0.01      0.00     97.93
end------
                all      0.03      0.00      0.11      0.00      0.00     99.87
                all      0.10      0.00      0.46      0.00      0.00     99.43
                all      0.11      0.00      0.46      0.00      0.00     99.43
start----
                all      0.11      0.00      0.45      0.00      0.00     99.44
                all      0.07      0.00      2.38      0.01      0.00     97.53
                all      0.07      0.00      2.98      0.00      0.00     96.95
                all      0.07      0.00      1.21      0.00      0.00     98.72
end------
                all      0.02      0.00      0.13      0.00      0.00     99.86
                all      0.11      0.00      0.46      0.00      0.00     99.43
                all      0.14      0.00      0.53      0.00      0.00     99.32
start----
                all      0.11      0.00      0.42      0.00      0.00     99.47
                all      0.08      0.00      2.62      0.01      0.00     97.29
                all      0.04      0.00      2.99      0.00      0.00     96.97
                all      0.05      0.00      0.90      0.01      0.00     99.04
end------
                all      0.04      0.00      0.20      0.00      0.00     99.76
                all      0.11      0.00      0.47      0.00      0.00     99.42
                all      0.12      0.00      0.45      0.00      0.00     99.42
start----
                all      0.11      0.00      0.40      0.01      0.00     99.48
                all      0.07      0.00      2.91      0.01      0.00     97.00
                all      0.03      0.00      3.21      0.00      0.00     96.77
                all      0.04      0.00      3.58      0.00      0.00     96.38
                all      0.01      0.00      3.02      0.00      0.00     96.96
                all      0.08      0.00      1.36      0.00      0.00     98.56
end------
                all      0.04      0.00      0.19      0.00      0.00     99.77
                all      0.12      0.00      0.45      0.00      0.00     99.43
                all      0.12      0.00      0.47      0.00      0.00     99.41
start----
                all      0.09      0.00      0.46      0.01      0.00     99.44
                all      0.07      0.00      2.94      0.00      0.00     96.98
                all      0.04      0.00      3.20      0.00      0.00     96.76
                all      0.30      0.00      3.32      0.00      0.00     96.38
                all      0.18      0.00      2.92      0.00      0.00     96.89
                all      0.16      0.00      1.68      0.00      0.00     98.16
end------
                all      0.03      0.00      0.15      0.00      0.00     99.82
                all      0.11      0.00      0.46      0.00      0.00     99.42
                all      0.11      0.00      0.46      0.00      0.00     99.43
start----
                all      0.10      0.00      0.44      0.00      0.00     99.47
                all      0.08      0.00      2.62      0.01      0.00     97.29
                all      0.03      0.00      3.12      0.00      0.00     96.85
                all      0.03      0.00      3.61      0.00      0.00     96.37
                all      0.03      0.00      3.06      0.00      0.00     96.91
                all      0.13      0.00      1.59      0.00      0.00     98.28
end------
                all      0.01      0.00      0.08      0.00      0.00     99.91
                all      0.12      0.00      0.45      0.00      0.00     99.43
                all      0.13      0.00      0.45      0.00      0.00     99.42
                all      0.11      0.00      0.46      0.00      0.00     99.43
start----
                all      0.07      0.00      2.21      0.02      0.00     97.70
                all      0.03      0.00      3.03      0.00      0.00     96.93
                all      0.03      0.00      3.60      0.00      0.00     96.37
                all      0.03      0.00      3.57      0.00      0.00     96.40
                all      0.03      0.00      3.58      0.00      0.00     96.39
                all      0.03      0.00      2.87      0.67      0.00     96.43
                all      0.03      0.00      1.71      1.82      0.00     96.44
                all      0.17      0.00      2.92      0.07      0.00     96.83
                all      0.01      0.00      3.02      0.00      0.00     96.96
                all      0.03      0.00      3.00      0.00      0.00     96.97
                all      0.29      0.00      0.20      0.00      0.00     99.50
end------
                all      0.06      0.00      0.26      0.00      0.00     99.68
                all      0.11      0.00      0.45      0.00      0.00     99.44
                all      0.11      0.00      0.46      0.08      0.00     99.35
start----
                all      0.13      0.00      0.66      0.02      0.00     99.18
                all      0.04      0.00      3.00      0.00      0.00     96.96
                all      0.04      0.00      3.22      0.00      0.00     96.75
                all      0.04      0.00      3.50      0.00      0.00     96.46
                all      0.03      0.00      3.53      0.00      0.00     96.44
                all      0.04      0.00      3.53      0.00      0.00     96.44
                all      0.03      0.00      2.25      1.19      0.00     96.54
                all      0.28      0.00      2.17      0.90      0.00     96.65
                all      0.01      0.00      3.02      0.00      0.00     96.97
                all      0.02      0.00      3.02      0.00      0.00     96.96
                all      0.30      0.00      1.75      0.00      0.00     97.94
end------
                all      0.01      0.00      0.06      0.00      0.00     99.92
                all      0.11      0.00      0.45      0.00      0.00     99.44
                all      0.11      0.00      0.47      0.00      0.00     99.42
                all      0.11      0.00      0.46      0.00      0.00     99.43
start----
                all      0.09      0.00      1.97      0.02      0.00     97.92
                all      0.03      0.00      3.01      0.00      0.00     96.96
                all      0.03      0.00      3.47      0.00      0.00     96.49
                all      0.04      0.00      3.55      0.00      0.00     96.41
                all      0.03      0.00      3.49      0.00      0.00     96.47
                all      0.03      0.00      3.16      0.43      0.00     96.38
                all      0.14      0.00      1.92      1.54      0.00     96.39
                all      0.09      0.00      3.10      0.03      0.00     96.77
                all      0.02      0.00      3.02      0.00      0.00     96.97
                all      0.21      0.00      2.82      0.00      0.00     96.97
                all      0.03      0.00      0.08      0.00      0.00     99.88
end------
                all      0.10      0.00      0.42      0.00      0.00     99.48
                all      0.10      0.00      0.46      0.00      0.00     99.44
                all      0.11      0.00      0.46      0.00      0.00     99.43
start----
                all      0.15      0.00      2.71      0.01      0.00     97.13
                all      0.06      0.00      3.08      0.00      0.00     96.86
end------
                all      0.04      0.00      0.17      0.00      0.00     99.79
                all      0.11      0.00      0.46      0.00      0.00     99.43
                all      0.11      0.00      0.46      0.08      0.00     99.35
start----
                all      0.11      0.00      0.40      0.00      0.00     99.49
                all      0.15      0.00      5.50      0.01      0.00     94.33
                all      0.02      0.00      0.10      0.00      0.00     99.88
end------
                all      0.09      0.00      0.39      0.00      0.00     99.52
                all      0.13      0.00      0.44      0.00      0.00     99.43
                all      0.11      0.00      0.45      0.00      0.00     99.44
start----
                all      0.17      0.00      2.79      0.02      0.00     97.02
                all      0.11      0.00      2.98      0.00      0.00     96.90
end------
                all      0.03      0.00      0.19      0.00      0.00     99.78
                all      0.11      0.00      0.46      0.00      0.00     99.43
                all      0.11      0.00      0.46      0.00      0.00     99.43
start----
                all      0.10      0.00      0.41      0.00      0.00     99.49
                all      0.15      0.00      5.59      0.02      0.00     94.24
                all      0.06      0.00      5.25      0.00      0.00     94.68
end------
                all      0.01      0.00      0.04      0.00      0.00     99.95
                all      0.11      0.00      0.44      0.00      0.00     99.45
                all      0.10      0.00      0.46      0.00      0.00     99.44
                all      0.11      0.00      0.46      0.00      0.00     99.42
start----
                all      0.16      0.00      3.42      0.02      0.00     96.40
                all      0.06      0.00      5.93      0.00      0.00     94.01
                all      0.04      0.00      1.56      0.00      0.00     98.39
end------
                all      0.07      0.00      0.27      0.00      0.00     99.66
                all      0.12      0.00      0.45      0.00      0.00     99.43
                all      0.12      0.00      0.45      0.08      0.00     99.35
start----
                all      0.17      0.00      1.38      0.03      0.00     98.42
                all      0.05      0.00      5.94      0.00      0.00     94.01
                all      0.05      0.00      3.80      0.00      0.00     96.15
end------
                all      0.02      0.00      0.11      0.00      0.00     99.87
                all      0.11      0.00      0.45      0.00      0.00     99.44
                all      0.11      0.00      0.46      0.08      0.00     99.35
start----
                all      0.11      0.00      0.42      0.00      0.00     99.47
                all      0.12      0.00      4.84      0.02      0.00     95.02
                all      0.03      0.00      6.27      0.00      0.00     93.70
                all      0.14      0.00      6.15      0.00      0.00     93.70
                all      0.46      0.00      5.12      0.00      0.00     94.42
                all      0.02      0.00      0.07      0.00      0.00     99.91
end------
                all      0.09      0.00      0.36      0.00      0.00     99.55
                all      0.15      0.00      0.52      0.00      0.00     99.33
                all      0.11      0.00      0.45      0.00      0.00     99.43
start----
                all      0.18      0.00      2.01      0.02      0.00     97.79
                all      0.03      0.00      6.01      0.00      0.00     93.97
                all      0.14      0.00      6.33      0.00      0.00     93.53
                all      0.02      0.00      6.01      0.00      0.00     93.97
                all      0.46      0.00      2.26      0.00      0.00     97.28
end------
                all      0.06      0.00      0.19      0.00      0.00     99.76
                all      0.22      0.00      0.61      0.01      0.00     99.16
                all      0.11      0.00      0.46      0.00      0.00     99.43
start----
                all      0.10      0.00      0.50      0.01      0.00     99.39
                all      0.11      0.00      5.77      0.00      0.00     94.12
                all      0.04      0.00      6.35      0.00      0.00     93.62
                all      0.12      0.00      6.00      0.01      0.00     93.86
                all      0.45      0.00      4.01      0.00      0.00     95.53
end------
                all      0.02      0.00      0.11      0.00      0.00     99.87
                all      0.11      0.00      0.45      0.00      0.00     99.44
                all      0.11      0.00      0.46      0.00      0.00     99.43
                all      0.12      0.00      0.45      0.00      0.00     99.43
start----
                all      0.14      0.00      4.20      0.01      0.00     95.65
                all      0.03      0.00      6.17      0.00      0.00     93.81
                all      0.04      0.00      6.54      0.00      0.00     93.43
                all      0.03      0.00      6.10      0.43      0.00     93.45
                all      0.03      0.00      2.67      3.65      0.00     93.65
                all      0.84      0.00      4.55      0.76      0.00     93.84
                all      0.02      0.00      5.98      0.00      0.00     94.00
                all      0.01      0.00      5.97      0.00      0.00     94.02
                all      0.34      0.00      2.69      0.00      0.00     96.97
end------
                all      0.04      0.00      0.21      0.00      0.00     99.75
                all      0.11      0.00      0.46      0.00      0.00     99.44
                all      0.11      0.00      0.45      0.00      0.00     99.43
start----
                all      0.09      0.00      0.42      0.01      0.00     99.48
                all      0.13      0.00      5.59      0.02      0.00     94.26
                all      0.03      0.00      6.30      0.00      0.00     93.67
                all      0.04      0.00      6.56      0.00      0.00     93.40
                all      0.04      0.00      5.47      1.07      0.00     93.42
                all      0.24      0.00      2.36      3.90      0.00     93.50
                all      0.26      0.00      5.82      0.04      0.00     93.88
                all      0.01      0.00      5.98      0.00      0.00     94.01
                all      0.01      0.00      5.97      0.00      0.00     94.01
                all      0.39      0.00      0.93      0.01      0.00     98.67
end------
                all      0.05      0.00      0.21      0.00      0.00     99.74
                all      0.11      0.00      0.46      0.00      0.00     99.44
                all      0.11      0.00      0.45      0.00      0.00     99.43
start----
                all      0.13      0.00      0.56      0.02      0.00     99.29
                all      0.12      0.00      5.83      0.00      0.00     94.04
                all      0.03      0.00      6.36      0.00      0.00     93.61
                all      0.04      0.00      6.56      0.00      0.00     93.40
                all      0.03      0.00      5.16      1.35      0.00     93.46
                all      0.51      0.00      2.34      3.65      0.00     93.50
                all      0.83      0.00      5.17      0.12      0.00     93.88
                all      0.01      0.00      5.98      0.00      0.00     94.01
                all      0.01      0.00      5.97      0.00      0.00     94.01
                all      0.22      0.00      2.02      0.00      0.00     97.75
end------
                all      0.03      0.00      0.13      0.00      0.00     99.84
                all      0.12      0.00      0.46      0.00      0.00     99.42
                all      0.11      0.00      0.46      0.00      0.00     99.43
start----
                all      0.10      0.00      0.42      0.01      0.00     99.47
                all      0.29      0.00      9.73      0.07      0.00     89.91
                all      0.06      0.00      1.55      0.00      0.00     98.39
end------
                all      0.13      0.00      0.47      0.01      0.00     99.39
                all      0.18      0.00      0.68      0.00      0.00     99.14
                all      0.21      0.00      0.51      0.01      0.00     99.27
start----
                all      0.31      0.00      3.79      0.07      0.00     95.83
                all      0.13      0.00      7.88      0.02      0.00     91.97
end------
                all      0.03      0.00      0.13      0.00      0.00     99.84
                all      0.10      0.00      0.48      0.00      0.00     99.41
                all      0.20      0.00      0.56      0.03      0.00     99.21
                all      0.12      0.00      0.47      0.00      0.00     99.41
start----
                all      0.28      0.00      6.84      0.02      0.00     92.85
                all      0.06      0.00      4.38      0.01      0.00     95.55
end------
                all      0.05      0.00      0.23      0.00      0.00     99.72
                all      0.11      0.00      0.45      0.00      0.00     99.44
                all      0.11      0.00      0.45      0.00      0.00     99.44
start----
                all      0.15      0.00      0.83      0.02      0.00     99.00
                all      0.19      0.00     11.52      0.00      0.00     88.29
                all      0.20      0.00      9.39      0.00      0.00     90.41
end------
                all      0.01      0.00      0.03      0.00      0.00     99.96
                all      0.12      0.00      0.45      0.00      0.00     99.43
                all      0.11      0.00      0.45      0.06      0.00     99.38
                all      0.12      0.00      0.45      0.02      0.00     99.41
start----
                all      0.27      0.00      7.03      0.03      0.00     92.67
                all      0.07      0.00     11.81      0.00      0.00     88.12
                all      0.06      0.00      2.60      0.00      0.00     97.35
end------
                all      0.06      0.00      0.29      0.00      0.00     99.65
                all      0.11      0.00      0.46      0.00      0.00     99.42
                all      0.11      0.00      0.46      0.00      0.00     99.43
start----
                all      0.30      0.00      2.52      0.03      0.00     97.15
                all      0.15      0.00     11.73      0.00      0.00     88.12
                all      0.07      0.00      7.38      0.00      0.00     92.55
end------
                all      0.03      0.00      0.11      0.00      0.00     99.87
                all      0.11      0.00      0.45      0.00      0.00     99.43
                all      0.12      0.00      0.45      0.08      0.00     99.35
start----
                all      0.11      0.00      0.43      0.00      0.00     99.47
                all      0.27      0.00      9.15      0.03      0.00     90.56
                all      0.04      0.00     12.18      0.00      0.00     87.78
                all      0.50      0.00     11.61      0.01      0.00     87.88
                all      0.33      0.00     10.34      0.00      0.00     89.33
                all      0.02      0.00      0.07      0.00      0.00     99.91
end------
                all      0.08      0.00      0.32      0.00      0.00     99.60
                all      0.11      0.00      0.45      0.00      0.00     99.43
                all      0.11      0.00      0.46      0.00      0.00     99.42
start----
                all      0.29      0.00      3.75      0.03      0.00     95.94
                all      0.05      0.00     11.89      0.00      0.00     88.06
                all      0.48      0.00     11.88      0.00      0.00     87.64
                all      0.02      0.00     11.91      0.01      0.00     88.06
                all      0.37      0.00      4.08      0.00      0.00     95.55
end------
                all      0.05      0.00      0.22      0.00      0.00     99.73
                all      0.12      0.00      0.44      0.00      0.00     99.44
                all      0.11      0.00      0.46      0.07      0.00     99.36
start----
                all      0.18      0.00      0.94      0.03      0.00     98.85
                all      0.15      0.00     11.65      0.00      0.00     88.20
                all      0.06      0.00     12.29      0.00      0.00     87.65
                all      0.43      0.00     11.53      0.00      0.00     88.03
                all      0.36      0.00      7.26      0.00      0.00     92.37
end------
                all      0.02      0.00      0.11      0.00      0.00     99.87
                all      0.11      0.00      0.46      0.00      0.00     99.44
                all      0.11      0.00      0.46      0.00      0.00     99.44
start----
                all      0.10      0.00      0.42      0.00      0.00     99.47
                all      0.25      0.00      9.15      0.04      0.00     90.56
                all      0.06      0.00     12.26      0.00      0.00     87.68
                all      0.03      0.00     12.42      0.00      0.00     87.55
                all      0.03      0.00     12.45      0.00      0.00     87.52
                all      3.78      0.00      8.38      0.13      0.00     87.71
                all      0.02      0.00     11.90      0.00      0.00     88.08
                all      0.03      0.00     11.88      0.00      0.00     88.09
                all      0.52      0.00     10.62      0.00      0.00     88.85
end------
                all      0.02      0.00      0.06      0.00      0.00     99.92
                all      0.11      0.00      0.42      0.00      0.00     99.47
                all      0.11      0.00      0.46      0.00      0.00     99.42
                all      0.10      0.00      0.46      0.00      0.00     99.43
start----
                all      0.26      0.00      5.42      0.02      0.00     94.30
                all      0.04      0.00     11.98      0.00      0.00     87.97
                all      0.04      0.00     12.29      0.00      0.00     87.67
                all      0.04      0.00     12.33      0.00      0.00     87.63
                all      1.61      0.00     10.57      0.06      0.00     87.75
                all      0.02      0.00     11.91      0.00      0.00     88.06
                all      0.01      0.00     11.88      0.00      0.00     88.10
                all      0.36      0.00     11.17      0.00      0.00     88.47
                all      0.02      0.00      0.08      0.01      0.00     99.89
end------
                all      0.07      0.00      0.29      0.00      0.00     99.64
                all      0.12      0.00      0.45      0.00      0.00     99.44
                all      0.12      0.00      0.45      0.08      0.00     99.35
start----
                all      0.30      0.00      2.73      0.02      0.00     96.95
                all      0.04      0.00     11.86      0.00      0.00     88.10
                all      0.04      0.00     12.41      0.00      0.00     87.55
                all      0.03      0.00     12.46      0.00      0.00     87.51
                all      1.06      0.00     10.85      0.52      0.00     87.56
                all      0.02      0.00     11.93      0.00      0.00     88.05
                all      0.02      0.00     11.87      0.00      0.00     88.11
                all      0.01      0.00     11.88      0.00      0.00     88.11
                all      0.21      0.00      1.40      0.00      0.00     98.38
end------
                all      0.06      0.00      0.24      0.00      0.00     99.70
                all      0.12      0.00      0.44      0.00      0.00     99.44
                all      0.11      0.00      0.46      0.08      0.00     99.35
start----
                all      0.23      0.00      1.53      0.10      0.00     98.14
                all      0.69      0.00     21.32      0.01      0.00     77.98
                all      0.02      0.00      0.06      0.00      0.00     99.92
end------
                all      0.09      0.00      0.41      0.00      0.00     99.50
                all      0.12      0.00      0.45      0.00      0.00     99.44
                all      0.12      0.00      0.45      0.00      0.00     99.43
start----
                all      0.65      0.00      9.08      0.11      0.00     90.16
                all      0.23      0.00     13.44      0.00      0.00     86.34
end------
                all      0.03      0.00      0.13      0.00      0.00     99.84
                all      0.12      0.00      0.44      0.00      0.00     99.44
                all      0.11      0.00      0.47      0.00      0.00     99.41
start----
                all      0.12      0.00      0.41      0.00      0.00     99.47
                all      0.65      0.00     18.17      0.04      0.00     81.13
                all      0.13      0.00      4.16      0.01      0.00     95.70
end------
                all      0.08      0.00      0.27      0.00      0.00     99.64
                all      0.12      0.00      0.44      0.00      0.00     99.44
                all      0.12      0.00      0.45      0.08      0.00     99.35
start----
                all      0.66      0.00      3.63      0.05      0.00     95.65
                all      0.19      0.00     23.49      0.00      0.00     76.32
                all      0.15      0.00     15.19      0.00      0.00     84.66
end------
                all      0.02      0.00      0.11      0.00      0.00     99.86
                all      0.13      0.00      0.44      0.00      0.00     99.43
                all      0.13      0.00      0.44      0.00      0.00     99.43
start----
                all      0.11      0.00      0.44      0.00      0.00     99.45
                all      0.58      0.00     16.37      0.04      0.00     83.01
                all      0.13      0.00     23.56      0.00      0.00     76.31
                all      0.15      0.00      2.12      0.01      0.00     97.71
end------
                all      0.09      0.00      0.33      0.00      0.00     99.58
                all      0.11      0.00      0.45      0.00      0.00     99.44
                all      0.13      0.00      0.45      0.00      0.00     99.43
start----
                all      0.69      0.00      5.37      0.04      0.00     93.89
                all      0.18      0.00     23.48      0.00      0.00     76.34
                all      0.15      0.00     13.01      0.00      0.00     86.83
end------
                all      0.09      0.00      0.22      0.01      0.00     99.69
                all      0.18      0.00      0.51      0.00      0.00     99.31
                all      0.13      0.00      0.45      0.00      0.00     99.42
start----
                all      0.11      0.00      0.41      0.00      0.00     99.48
                all      0.56      0.00     18.61      0.04      0.00     80.79
                all      0.04      0.00     24.00      0.00      0.00     75.97
                all      0.70      0.00     23.10      0.00      0.00     76.20
                all      0.30      0.00     18.19      0.00      0.00     81.51
end------
                all      0.01      0.00      0.03      0.00      0.00     99.96
                all      0.12      0.00      0.45      0.00      0.00     99.43
                all      0.12      0.00      0.44      0.06      0.00     99.38
                all      0.13      0.00      0.44      0.02      0.00     99.41
start----
                all      0.54      0.00     12.58      0.03      0.00     86.85
                all      0.04      0.00     23.86      0.00      0.00     76.10
                all      0.23      0.00     23.57      0.00      0.00     76.20
                all      0.37      0.00     23.28      0.00      0.00     76.35
                all      0.03      0.00      0.35      0.00      0.00     99.62
end------
                all      0.10      0.00      0.36      0.00      0.00     99.54
                all      0.13      0.00      0.44      0.00      0.00     99.43
                all      0.12      0.00      0.45      0.00      0.00     99.43
start----
                all      0.62      0.00      7.71      0.06      0.00     91.61
                all      0.04      0.00     23.73      0.00      0.00     76.23
                all      0.13      0.00     23.93      0.01      0.00     75.93
                all      0.02      0.00     23.69      0.00      0.00     76.29
                all      0.22      0.00      4.74      0.00      0.00     95.04
end------
                all      0.05      0.00      0.20      0.00      0.00     99.75
                all      0.13      0.00      0.44      0.00      0.00     99.43
                all      0.14      0.00      0.45      0.00      0.00     99.42
start----
                all      0.13      0.00      0.75      0.04      0.00     99.09
                all      0.66      0.00     21.25      0.01      0.00     78.09
                all      0.04      0.00     24.10      0.00      0.00     75.87
                all      0.04      0.00     24.25      0.00      0.00     75.71
                all      0.13      0.00     24.08      0.00      0.00     75.78
                all      0.23      0.00     23.31      0.01      0.00     76.45
                all      0.02      0.00     23.69      0.00      0.00     76.29
                all      0.02      0.00     23.67      0.00      0.00     76.31
                all      0.62      0.00      3.95      0.00      0.00     95.43
end------
                all      0.07      0.00      0.27      0.00      0.00     99.66
                all      0.14      0.00      0.43      0.00      0.00     99.43
                all      0.13      0.00      0.44      0.08      0.00     99.35
start----
                all      0.65      0.00      3.38      0.06      0.00     95.91
                all      0.04      0.00     23.65      0.00      0.00     76.30
                all      0.04      0.00     24.09      0.00      0.00     75.87
                all      0.04      0.00     24.13      0.00      0.00     75.83
                all      0.31      0.00     23.48      0.00      0.00     76.21
                all      0.01      0.00     23.71      0.01      0.00     76.26
                all      0.02      0.00     23.69      0.00      0.00     76.29
                all      0.71      0.00     20.97      0.00      0.00     78.32
end------
                all      0.02      0.00      0.04      0.00      0.00     99.93
                all      0.12      0.00      0.40      0.00      0.00     99.48
                all      0.15      0.00      0.42      0.00      0.00     99.43
                all      0.13      0.00      0.44      0.00      0.00     99.43
start----
                all      0.58      0.00      9.81      0.04      0.00     89.57
                all      0.06      0.00     23.89      0.00      0.00     76.05
                all      0.04      0.00     24.10      0.00      0.00     75.85
                all      0.04      0.00     24.11      0.01      0.00     75.84
                all      0.24      0.00     23.53      0.00      0.00     76.23
                all      0.03      0.00     23.71      0.00      0.00     76.26
                all      0.02      0.00     23.68      0.00      0.00     76.30
                all      0.57      0.00     14.68      0.00      0.00     84.75
end------
                all      0.03      0.00      0.09      0.00      0.00     99.89
                all      0.13      0.00      0.44      0.00      0.00     99.43
                all      0.14      0.00      0.43      0.08      0.00     99.36
start----
                all      0.13      0.00      0.43      0.00      0.00     99.44
                all      2.02      0.00     26.70      0.09      0.00     71.19
                all      0.94      0.00     33.79      0.00      0.00     65.27
end------
                all      0.01      0.00      0.03      0.01      0.00     99.96
                all      0.12      0.00      0.44      0.00      0.00     99.44
                all      0.13      0.00      0.44      0.00      0.00     99.44
                all      0.13      0.00      0.44      0.00      0.00     99.43
start----
                all      2.01      0.00     19.40      0.06      0.00     78.54
                all      0.91      0.00     40.82      0.00      0.00     58.27
                all      0.02      0.00      0.07      0.00      0.00     99.92
end------
                all      0.10      0.00      0.39      0.00      0.00     99.51
                all      0.14      0.00      0.42      0.00      0.00     99.44
                all      0.14      0.00      0.44      0.00      0.00     99.42
start----
                all      2.03      0.00     10.69      0.07      0.00     87.20
                all      0.61      0.00     45.99      0.00      0.00     53.39
                all      0.26      0.00      2.99      0.00      0.00     96.75
end------
                all      0.09      0.00      0.31      0.00      0.00     99.60
                all      0.13      0.00      0.43      0.00      0.00     99.44
                all      0.14      0.00      0.44      0.07      0.00     99.36
start----
                all      1.28      0.00      5.93      0.06      0.00     92.73
                all      0.85      0.00     45.55      0.03      0.00     53.57
                all      0.40      0.00     45.83      0.00      0.00     53.78
                all      0.52      0.00     11.94      0.00      0.00     87.54
end------
                all      0.03      0.00      0.17      0.00      0.00     99.80
                all      0.14      0.00      0.44      0.00      0.00     99.42
                all      0.13      0.00      0.44      0.00      0.00     99.43
start----
                all      0.13      0.00      0.39      0.00      0.00     99.48
                all      2.09      0.00     32.07      0.06      0.00     65.78
                all      0.36      0.00     46.28      0.00      0.00     53.36
                all      0.53      0.00     29.49      0.00      0.00     69.98
end------
                all      0.02      0.00      0.07      0.00      0.00     99.90
                all      0.13      0.00      0.44      0.00      0.00     99.43
                all      0.13      0.00      0.44      0.00      0.00     99.43
                all      0.14      0.00      0.44      0.00      0.00     99.43
start----
                all      1.80      0.00     24.62      0.06      0.00     73.53
                all      0.43      0.00     46.44      0.00      0.00     53.13
                all      0.51      0.00     38.44      0.00      0.00     61.05
                all      0.02      0.00      0.07      0.01      0.00     99.91
end------
                all      0.09      0.00      0.33      0.00      0.00     99.58
                all      0.14      0.00      0.43      0.00      0.00     99.43
                all      0.14      0.00      0.43      0.00      0.00     99.43
start----
                all      0.97      0.00      6.66      0.17      0.00     92.20
                all      1.01      0.00     45.28      0.02      0.00     53.68
                all      0.04      0.00     47.58      0.00      0.00     52.38
                all      0.46      0.00     45.02      0.03      0.00     54.49
                all      0.07      0.00     46.18      0.00      0.00     53.75
                all      1.55      0.00     20.19      0.00      0.00     78.25
end------
                all      0.01      0.00      0.04      0.00      0.00     99.95
                all      0.12      0.00      0.45      0.00      0.00     99.44
                all      0.14      0.00      0.42      0.07      0.00     99.37
                all      0.16      0.00      0.52      0.00      0.00     99.32
start----
                all      1.77      0.00     23.70      0.07      0.00     74.46
                all      0.04      0.00     47.30      0.00      0.00     52.66
                all      0.45      0.00     46.28      0.04      0.00     53.23
                all      0.02      0.00     46.26      0.01      0.00     53.71
                all      1.15      0.00     45.01      0.00      0.00     53.83
                all      0.04      0.00      1.54      0.01      0.00     98.41
end------
                all      0.19      0.00      0.44      0.00      0.00     99.36
                all      0.13      0.00      0.44      0.00      0.00     99.44
                all      0.13      0.00      0.44      0.00      0.00     99.43
start----
                all      1.55      0.00      6.96      0.05      0.00     91.44
                all      0.62      0.00     45.86      0.02      0.00     53.50
                all      0.04      0.00     47.62      0.00      0.00     52.33
                all      0.41      0.00     45.15      0.03      0.00     54.41
                all      0.02      0.00     46.27      0.00      0.00     53.71
                all      1.38      0.00     16.74      0.00      0.00     81.88
end------
                all      0.06      0.00      0.17      0.00      0.00     99.77
                all      0.14      0.00      0.43      0.00      0.00     99.44
                all      0.13      0.00      0.44      0.00      0.00     99.43
start----
                all      0.11      0.00      0.39      0.00      0.00     99.49
