
Linux 5.2.8200225+ (knl03.kisti.re.kr) 	2020년 04월 04일 	_x86_64_	(272 CPU)

                CPU     %user     %nice   %system   %iowait    %steal     %idle
                all      0.03      0.00      0.10      0.00      0.00     99.87
                all      0.03      0.00      0.08      0.15      0.00     99.74
                all      0.01      0.00      0.07      0.37      0.00     99.55
                all      0.02      0.00      0.07      0.37      0.00     99.54
                all      0.02      0.00      0.08      0.25      0.00     99.65
                all      0.02      0.00      0.15      0.24      0.00     99.59
                all      0.03      0.00      0.10      0.05      0.00     99.82
                all      0.03      0.00      0.12      0.00      0.00     99.85
                all      0.09      0.00      0.24      0.00      0.00     99.67
                all      0.01      0.00      0.11      0.01      0.00     99.87
                all      0.01      0.00      0.08      0.00      0.00     99.91
                all      0.01      0.00      0.07      0.00      0.00     99.91
start----
                all      0.07      0.00      0.60      0.01      0.00     99.31
                all      0.07      0.00      2.78      0.00      0.00     97.16
                all      0.01      0.00      0.09      0.00      0.00     99.89
                all      0.02      0.00      0.08      0.00      0.00     99.89
                all      0.02      0.00      0.07      0.01      0.00     99.89
                all      0.02      0.00      0.07      0.06      0.00     99.85
                all      0.07      0.00      1.72      0.01      0.00     98.19
                all      0.05      0.00      1.59      0.00      0.00     98.35
end------
                all      0.04      0.00      0.17      0.00      0.00     99.79
                all      0.11      0.00      0.45      0.00      0.00     99.43
                all      0.11      0.00      0.47      0.00      0.00     99.42
start----
                all      0.10      0.00      0.41      0.00      0.00     99.49
                all      0.09      0.00      2.81      0.02      0.00     97.08
                all      0.13      0.00      0.60      0.01      0.00     99.26
end------
                all      0.08      0.00      0.34      0.00      0.00     99.58
                all      0.11      0.00      0.46      0.00      0.00     99.42
                all      0.11      0.00      0.45      0.00      0.00     99.43
start----
                all      0.13      0.00      1.19      0.02      0.00     98.66
                all      0.03      0.00      3.00      0.00      0.00     96.96
                all      0.06      0.00      2.43      0.00      0.00     97.51
end------
                all      0.02      0.00      0.07      0.00      0.00     99.91
                all      0.12      0.00      0.45      0.00      0.00     99.43
                all      0.11      0.00      0.47      0.00      0.00     99.42
                all      0.10      0.00      0.48      0.00      0.00     99.42
start----
                all      0.08      0.00      2.02      0.03      0.00     97.87
                all      0.03      0.00      3.01      0.00      0.00     96.96
                all      0.06      0.00      1.44      0.00      0.00     98.50
end------
                all      0.05      0.00      0.21      0.00      0.00     99.74
                all      0.11      0.00      0.46      0.00      0.00     99.43
                all      0.10      0.00      0.48      0.00      0.00     99.42
start----
                all      0.11      0.00      0.39      0.01      0.00     99.49
                all      0.08      0.00      2.87      0.01      0.00     97.05
                all      0.03      0.00      3.00      0.00      0.00     96.97
                all      0.06      0.00      0.50      0.00      0.00     99.44
end------
                all      0.05      0.00      0.25      0.00      0.00     99.70
                all      0.11      0.00      0.47      0.00      0.00     99.42
                all      0.12      0.00      0.46      0.07      0.00     99.35
start----
                all      0.13      0.00      0.63      0.02      0.00     99.22
                all      0.03      0.00      3.00      0.00      0.00     96.97
                all      0.03      0.00      3.32      0.00      0.00     96.65
                all      0.04      0.00      3.42      0.00      0.00     96.54
                all      0.01      0.00      3.02      0.00      0.00     96.97
                all      0.09      0.00      0.64      0.00      0.00     99.26
end------
                all      0.06      0.00      0.26      0.00      0.00     99.68
                all      0.12      0.00      0.45      0.00      0.00     99.43
                all      0.11      0.00      0.46      0.00      0.00     99.42
start----
                all      0.14      0.00      0.54      0.03      0.00     99.30
                all      0.07      0.00      2.96      0.00      0.00     96.97
                all      0.03      0.00      3.24      0.00      0.00     96.73
                all      0.09      0.00      3.35      0.00      0.00     96.56
                all      0.01      0.00      3.01      0.00      0.00     96.97
                all      0.14      0.00      0.85      0.00      0.00     99.00
end------
                all      0.06      0.00      0.25      0.00      0.00     99.70
                all      0.12      0.00      0.46      0.00      0.00     99.42
                all      0.11      0.00      0.46      0.00      0.00     99.42
start----
                all      0.13      0.00      0.70      0.02      0.00     99.15
                all      0.04      0.00      3.00      0.00      0.00     96.97
                all      0.03      0.00      3.28      0.00      0.00     96.69
                all      0.09      0.00      3.31      0.00      0.00     96.60
                all      0.02      0.00      3.01      0.00      0.00     96.97
                all      0.20      0.00      0.50      0.00      0.00     99.29
end------
                all      0.05      0.00      0.20      0.00      0.00     99.75
                all      0.13      0.00      0.44      0.00      0.00     99.44
                all      0.11      0.00      0.48      0.08      0.00     99.34
start----
                all      0.11      0.00      0.46      0.01      0.00     99.42
                all      0.07      0.00      2.97      0.00      0.00     96.96
                all      0.03      0.00      3.24      0.00      0.00     96.73
                all      0.04      0.00      3.54      0.00      0.00     96.42
                all      0.03      0.00      3.51      0.01      0.00     96.45
                all      0.03      0.00      3.63      0.00      0.00     96.34
                all      0.03      0.00      1.98      1.58      0.00     96.42
                all      0.17      0.00      2.26      0.96      0.00     96.61
                all      0.03      0.00      3.02      0.00      0.00     96.95
                all      0.02      0.00      3.03      0.00      0.00     96.95
                all      0.22      0.00      1.68      0.00      0.00     98.11
end------
                all      0.01      0.00      0.05      0.00      0.00     99.94
                all      0.11      0.00      0.46      0.00      0.00     99.43
                all      0.11      0.00      0.46      0.07      0.00     99.35
                all      0.11      0.00      0.47      0.00      0.00     99.42
start----
                all      0.09      0.00      2.05      0.02      0.00     97.84
                all      0.03      0.00      3.02      0.00      0.00     96.95
                all      0.03      0.00      3.54      0.00      0.00     96.43
                all      0.03      0.00      3.61      0.00      0.00     96.36
                all      0.04      0.00      3.46      0.00      0.00     96.50
                all      0.03      0.00      2.55      0.93      0.00     96.49
                all      0.32      0.00      1.49      1.60      0.00     96.59
                all      0.07      0.00      3.09      0.01      0.00     96.84
                all      0.02      0.00      3.02      0.00      0.00     96.96
                all      0.14      0.00      2.89      0.00      0.00     96.96
                all      0.26      0.00      0.15      0.00      0.00     99.59
end------
                all      0.07      0.00      0.34      0.00      0.00     99.59
                all      0.12      0.00      0.46      0.00      0.00     99.42
                all      0.11      0.00      0.46      0.08      0.00     99.35
start----
                all      0.12      0.00      1.22      0.02      0.00     98.64
                all      0.04      0.00      3.00      0.00      0.00     96.96
                all      0.03      0.00      3.37      0.00      0.00     96.59
                all      0.03      0.00      3.56      0.00      0.00     96.40
                all      0.04      0.00      3.60      0.00      0.00     96.36
                all      0.02      0.00      3.19      0.43      0.00     96.36
                all      0.03      0.00      1.91      1.64      0.00     96.42
                all      0.11      0.00      2.86      0.25      0.00     96.78
                all      0.01      0.00      3.02      0.00      0.00     96.97
                all      0.01      0.00      3.02      0.00      0.00     96.96
                all      0.38      0.00      0.50      0.00      0.00     99.12
end------
                all      0.06      0.00      0.29      0.00      0.00     99.64
                all      0.10      0.00      0.46      0.00      0.00     99.44
                all      0.13      0.00      0.54      0.08      0.00     99.25
start----
                all      0.18      0.00      1.35      0.01      0.00     98.45
                all      0.05      0.00      4.15      0.00      0.00     95.80
end------
                all      0.02      0.00      0.13      0.00      0.00     99.85
                all      0.12      0.00      0.45      0.00      0.00     99.44
                all      0.11      0.00      0.46      0.00      0.00     99.43
                all      0.11      0.00      0.45      0.00      0.00     99.44
start----
                all      0.14      0.00      4.35      0.03      0.00     95.48
                all      0.04      0.00      0.92      0.00      0.00     99.04
end------
                all      0.07      0.00      0.32      0.00      0.00     99.61
                all      0.11      0.00      0.46      0.00      0.00     99.44
                all      0.12      0.00      0.46      0.00      0.00     99.42
start----
                all      0.17      0.00      1.96      0.03      0.00     97.84
                all      0.06      0.00      3.46      0.11      0.00     96.36
end------
                all      0.00      0.00      0.03      0.61      0.00     99.35
                all      0.00      0.00      0.02      1.10      0.00     98.87
                all      0.05      0.00      0.23      0.58      0.00     99.13
                all      0.12      0.00      0.46      0.00      0.00     99.42
                all      0.11      0.00      0.46      0.00      0.00     99.43
                all      0.11      0.00      0.46      0.00      0.00     99.44
start----
                all      0.10      0.00      0.38      0.00      0.00     99.51
                all      0.17      0.00      4.93      0.02      0.00     94.89
                all      0.07      0.00      5.29      0.00      0.00     94.64
                all      0.01      0.00      0.04      0.01      0.00     99.94
end------
                all      0.11      0.00      0.42      0.00      0.00     99.47
                all      0.11      0.00      0.46      0.00      0.00     99.42
                all      0.13      0.00      0.46      0.00      0.00     99.42
start----
                all      0.15      0.00      3.29      0.01      0.00     96.55
                all      0.05      0.00      5.94      0.00      0.00     94.01
                all      0.05      0.00      1.02      0.00      0.00     98.93
end------
                all      0.07      0.00      0.32      0.00      0.00     99.61
                all      0.12      0.00      0.45      0.00      0.00     99.42
                all      0.11      0.00      0.45      0.00      0.00     99.43
start----
                all      0.19      0.00      1.82      0.02      0.00     97.97
                all      0.04      0.00      5.94      0.00      0.00     94.02
                all      0.05      0.00      2.57      0.00      0.00     97.38
end------
                all      0.04      0.00      0.20      0.00      0.00     99.76
                all      0.13      0.00      0.45      0.00      0.00     99.42
                all      0.11      0.00      0.45      0.07      0.00     99.36
start----
                all      0.11      0.00      0.56      0.03      0.00     99.30
                all      0.14      0.00      5.75      0.00      0.00     94.12
                all      0.21      0.00      6.21      0.00      0.00     93.58
                all      0.02      0.00      6.00      0.00      0.00     93.99
                all      0.12      0.00      2.41      0.00      0.00     97.47
end------
                all      0.04      0.00      0.20      0.00      0.00     99.76
                all      0.11      0.00      0.46      0.00      0.00     99.44
                all      0.12      0.00      0.45      0.07      0.00     99.35
start----
                all      0.13      0.00      0.57      0.04      0.00     99.26
                all      0.11      0.00      5.85      0.00      0.00     94.04
                all      0.17      0.00      6.18      0.01      0.00     93.64
                all      0.02      0.00      5.99      0.00      0.00     93.99
                all      0.11      0.00      2.21      0.00      0.00     97.68
end------
                all      0.05      0.00      0.22      0.00      0.00     99.73
                all      0.11      0.00      0.45      0.00      0.00     99.43
                all      0.12      0.00      0.45      0.07      0.00     99.36
start----
                all      0.19      0.00      0.66      0.02      0.00     99.13
                all      0.05      0.00      5.93      0.00      0.00     94.02
                all      0.13      0.00      6.25      0.00      0.00     93.62
                all      0.02      0.00      5.99      0.00      0.00     94.00
                all      0.13      0.00      1.97      0.00      0.00     97.91
end------
                all      0.06      0.00      0.23      0.00      0.00     99.70
                all      0.13      0.00      0.47      0.00      0.00     99.40
                all      0.11      0.00      0.46      0.00      0.00     99.43
start----
                all      0.11      0.00      0.41      0.00      0.00     99.48
                all      0.15      0.00      5.30      0.01      0.00     94.54
                all      0.04      0.00      6.30      0.02      0.00     93.64
                all      0.04      0.00      6.51      0.01      0.00     93.45
                all      0.03      0.00      2.94      3.40      0.00     93.63
                all      0.90      0.00      3.10      2.23      0.00     93.77
                all      0.02      0.00      6.02      0.00      0.00     93.96
                all      0.01      0.00      5.97      0.00      0.00     94.02
                all      0.44      0.00      4.90      0.00      0.00     94.66
end------
                all      0.01      0.00      0.04      0.00      0.00     99.95
                all      0.10      0.00      0.43      0.00      0.00     99.47
                all      0.12      0.00      0.46      0.03      0.00     99.39
                all      0.11      0.00      0.46      0.04      0.00     99.38
start----
                all      0.16      0.00      3.29      0.01      0.00     96.53
                all      0.05      0.00      6.14      0.00      0.00     93.80
                all      0.05      0.00      6.42      0.00      0.00     93.53
                all      0.04      0.00      4.45      1.90      0.00     93.61
                all      0.55      0.00      2.11      3.65      0.00     93.69
                all      0.15      0.00      5.90      0.01      0.00     93.93
                all      0.01      0.00      5.98      0.00      0.00     94.01
                all      0.01      0.00      5.97      0.00      0.00     94.01
                all      0.44      0.00      0.78      0.01      0.00     98.77
end------
                all      0.08      0.00      0.34      0.00      0.00     99.58
                all      0.13      0.00      0.46      0.00      0.00     99.42
                all      0.12      0.00      0.46      0.00      0.00     99.42
start----
                all      0.19      0.00      1.45      0.02      0.00     98.34
                all      0.04      0.00      5.99      0.00      0.00     93.96
                all      0.04      0.00      6.42      0.01      0.00     93.53
                all      0.04      0.00      5.80      0.58      0.00     93.58
                all      0.02      0.00      2.35      3.93      0.00     93.70
                all      2.83      0.00      2.42      1.12      0.00     93.63
                all      0.02      0.00      6.01      0.01      0.00     93.96
                all      0.01      0.00      5.97      0.00      0.00     94.01
                all      0.03      0.00      5.97      0.00      0.00     94.00
                all      0.40      0.00      0.39      0.01      0.00     99.20
end------
                all      0.07      0.00      0.26      0.00      0.00     99.67
                all      0.11      0.00      0.45      0.00      0.00     99.44
                all      0.11      0.00      0.46      0.00      0.00     99.42
start----
                all      0.33      0.00      1.49      0.03      0.00     98.15
                all      0.13      0.00      9.03      0.00      0.00     90.84
end------
                all      0.01      0.00      0.04      0.00      0.00     99.95
                all      0.11      0.00      0.46      0.00      0.00     99.43
                all      0.12      0.00      0.45      0.07      0.00     99.36
                all      0.12      0.00      0.45      0.01      0.00     99.42
start----
                all      0.27      0.00      7.57      0.03      0.00     92.14
                all      0.06      0.00      2.83      0.00      0.00     97.11
end------
                all      0.06      0.00      0.28      0.00      0.00     99.66
                all      0.11      0.00      0.45      0.00      0.00     99.44
                all      0.12      0.00      0.46      0.07      0.00     99.35
start----
                all      0.29      0.00      2.23      0.03      0.00     97.45
                all      0.13      0.00      8.41      0.00      0.00     91.46
end------
                all      0.01      0.00      0.06      0.00      0.00     99.93
                all      0.11      0.00      0.46      0.00      0.00     99.43
                all      0.11      0.00      0.45      0.08      0.00     99.36
                all      0.11      0.00      0.48      0.00      0.00     99.41
start----
                all      0.26      0.00      8.39      0.03      0.00     91.33
                all      0.13      0.00     11.36      0.00      0.00     88.52
                all      0.02      0.00      0.05      0.00      0.00     99.93
end------
                all      0.12      0.00      0.46      0.00      0.00     99.42
                all      0.11      0.00      0.46      0.00      0.00     99.43
                all      0.11      0.00      0.46      0.00      0.00     99.43
start----
                all      0.29      0.00      5.30      0.03      0.00     94.38
                all      0.13      0.00     11.77      0.00      0.00     88.10
                all      0.05      0.00      2.98      0.00      0.00     96.96
end------
                all      0.07      0.00      0.27      0.00      0.00     99.66
                all      0.11      0.00      0.46      0.00      0.00     99.44
                all      0.12      0.00      0.45      0.00      0.00     99.42
start----
                all      0.30      0.00      1.75      0.02      0.00     97.93
                all      0.18      0.00     11.71      0.00      0.00     88.12
                all      0.07      0.00      6.66      0.00      0.00     93.26
end------
                all      0.07      0.00      0.22      0.01      0.00     99.70
                all      0.20      0.00      0.68      0.00      0.00     99.13
                all      0.16      0.00      0.48      0.01      0.00     99.35
start----
                all      0.13      0.00      0.52      0.07      0.00     99.27
                all      0.26      0.00      9.93      0.02      0.00     89.79
                all      0.49      0.00     11.78      0.00      0.00     87.72
                all      0.03      0.00     11.93      0.01      0.00     88.03
                all      0.36      0.00      6.11      0.02      0.00     93.51
end------
                all      0.03      0.00      0.16      0.00      0.00     99.80
                all      0.11      0.00      0.46      0.00      0.00     99.43
                all      0.12      0.00      0.45      0.00      0.00     99.43
start----
                all      0.11      0.00      0.43      0.00      0.00     99.45
                all      0.27      0.00      8.85      0.02      0.00     90.86
                all      0.32      0.00     11.93      0.00      0.00     87.75
                all      0.17      0.00     11.78      0.00      0.00     88.05
                all      0.23      0.00      7.00      0.00      0.00     92.76
end------
                all      0.03      0.00      0.12      0.00      0.00     99.85
                all      0.11      0.00      0.46      0.00      0.00     99.43
                all      0.12      0.00      0.45      0.01      0.00     99.43
start----
                all      0.11      0.00      0.42      0.00      0.00     99.48
                all      0.27      0.00      9.29      0.03      0.00     90.41
                all      0.48      0.00     11.77      0.00      0.00     87.74
                all      0.02      0.00     11.89      0.00      0.00     88.10
                all      0.28      0.00      6.67      0.00      0.00     93.05
end------
                all      0.04      0.00      0.15      0.00      0.00     99.81
                all      0.13      0.00      0.44      0.00      0.00     99.43
                all      0.12      0.00      0.45      0.08      0.00     99.36
start----
                all      0.11      0.00      0.42      0.00      0.00     99.47
                all      0.25      0.00      9.79      0.03      0.00     89.93
                all      0.04      0.00     12.23      0.00      0.00     87.73
                all      0.04      0.00     12.34      0.00      0.00     87.62
                all      3.03      0.00      7.52      1.73      0.00     87.72
                all      0.61      0.00     11.36      0.03      0.00     88.01
                all      0.01      0.00     11.89      0.00      0.00     88.10
                all      0.02      0.00     11.89      0.00      0.00     88.09
                all      0.41      0.00      2.67      0.00      0.00     96.92
end------
                all      0.06      0.00      0.29      0.00      0.00     99.65
                all      0.12      0.00      0.45      0.00      0.00     99.43
                all      0.12      0.00      0.45      0.08      0.00     99.35
start----
                all      0.31      0.00      1.78      0.02      0.00     97.89
                all      0.04      0.00     11.88      0.00      0.00     88.08
                all      0.04      0.00     12.42      0.00      0.00     87.55
                all      0.05      0.00     12.41      0.00      0.00     87.54
                all      0.70      0.00      9.67      1.76      0.00     87.86
                all      0.02      0.00     11.89      0.00      0.00     88.09
                all      0.02      0.00     11.87      0.00      0.00     88.11
                all      0.25      0.00      6.62      0.01      0.00     93.13
end------
                all      0.01      0.00      0.09      0.00      0.00     99.90
                all      0.14      0.00      0.53      0.00      0.00     99.33
                all      0.13      0.00      0.44      0.00      0.00     99.43
                all      0.12      0.00      0.45      0.00      0.00     99.44
start----
                all      0.28      0.00      7.39      0.02      0.00     92.31
                all      0.04      0.00     12.17      0.00      0.00     87.79
                all      0.04      0.00     12.42      0.00      0.00     87.53
                all      1.08      0.00      9.49      1.84      0.00     87.59
                all      0.01      0.00     11.91      0.00      0.00     88.07
                all      0.01      0.00     11.88      0.00      0.00     88.10
                all      0.02      0.00     11.87      0.00      0.00     88.11
                all      0.22      0.00      1.54      0.00      0.00     98.24
end------
                all      0.07      0.00      0.32      0.00      0.00     99.60
                all      0.13      0.00      0.44      0.00      0.00     99.43
                all      0.11      0.00      0.45      0.00      0.00     99.44
start----
                all      0.61      0.00      4.71      0.04      0.00     94.64
                all      0.28      0.00     16.42      0.00      0.00     83.29
end------
                all      0.02      0.00      0.10      0.00      0.00     99.88
                all      0.12      0.00      0.45      0.00      0.00     99.43
                all      0.12      0.00      0.45      0.00      0.00     99.43
                all      0.12      0.00      0.45      0.00      0.00     99.44
start----
                all      0.74      0.00     14.50      0.06      0.00     84.70
                all      0.14      0.00      6.65      0.00      0.00     93.22
end------
                all      0.06      0.00      0.23      0.00      0.00     99.71
                all      0.11      0.00      0.46      0.00      0.00     99.43
                all      0.11      0.00      0.45      0.01      0.00     99.43
start----
                all      0.38      0.00      1.90      0.07      0.00     97.65
                all      0.53      0.00     19.39      0.01      0.00     80.08
end------
                all      0.00      0.00      0.04      0.00      0.00     99.96
                all      0.11      0.00      0.45      0.00      0.00     99.43
                all      0.12      0.00      0.45      0.00      0.00     99.43
                all      0.12      0.00      0.45      0.00      0.00     99.44
start----
                all      0.58      0.00     11.70      0.05      0.00     87.67
                all      0.21      0.00     23.48      0.00      0.00     76.32
                all      0.14      0.00      4.48      0.00      0.00     95.38
end------
                all      0.07      0.00      0.30      0.00      0.00     99.63
                all      0.12      0.00      0.45      0.00      0.00     99.43
                all      0.13      0.00      0.45      0.03      0.00     99.39
start----
                all      0.64      0.00      3.45      0.11      0.00     95.80
                all      0.20      0.00     23.51      0.00      0.00     76.30
                all      0.14      0.00     13.05      0.00      0.00     86.81
end------
                all      0.03      0.00      0.14      0.00      0.00     99.83
                all      0.12      0.00      0.44      0.00      0.00     99.44
                all      0.13      0.00      0.45      0.00      0.00     99.42
start----
                all      0.11      0.00      0.42      0.00      0.00     99.47
                all      0.61      0.00     18.62      0.03      0.00     80.74
                all      0.25      0.00     20.87      0.00      0.00     78.88
                all      0.01      0.00      0.06      0.00      0.00     99.93
end------
                all      0.11      0.00      0.41      0.00      0.00     99.48
                all      0.11      0.00      0.45      0.01      0.00     99.42
                all      0.11      0.00      0.45      0.05      0.00     99.38
start----
                all      0.67      0.00     10.52      0.04      0.00     88.77
                all      0.04      0.00     23.90      0.00      0.00     76.05
                all      0.65      0.00     23.19      0.00      0.00     76.16
                all      0.16      0.00     19.97      0.00      0.00     79.87
                all      0.02      0.00      0.07      0.00      0.00     99.91
end------
                all      0.07      0.00      0.35      0.00      0.00     99.58
                all      0.12      0.00      0.47      0.00      0.00     99.41
                all      0.13      0.00      0.44      0.08      0.00     99.35
start----
                all      0.65      0.00      6.60      0.06      0.00     92.70
                all      0.04      0.00     23.82      0.01      0.00     76.14
                all      0.88      0.00     23.21      0.00      0.00     75.90
                all      0.17      0.00     23.58      0.00      0.00     76.25
                all      0.03      0.00      0.65      0.00      0.00     99.32
end------
                all      0.09      0.00      0.35      0.00      0.00     99.57
                all      0.12      0.00      0.44      0.00      0.00     99.43
                all      0.12      0.00      0.45      0.00      0.00     99.44
start----
                all      0.62      0.00      7.04      0.05      0.00     92.28
                all      0.05      0.00     23.79      0.00      0.00     76.16
                all      0.49      0.00     23.43      0.00      0.00     76.08
                all      0.11      0.00     23.19      0.00      0.00     76.70
                all      0.03      0.00      0.07      0.00      0.00     99.90
end------
                all      0.09      0.00      0.36      0.00      0.00     99.54
                all      0.11      0.00      0.46      0.00      0.00     99.43
                all      0.12      0.00      0.45      0.00      0.00     99.43
start----
                all      0.63      0.00      7.94      0.05      0.00     91.39
                all      0.04      0.00     23.79      0.00      0.00     76.17
                all      0.05      0.00     24.06      0.01      0.00     75.87
                all      0.26      0.00     23.81      0.00      0.00     75.93
                all      0.02      0.00     23.71      0.01      0.00     76.26
                all      0.02      0.00     23.69      0.00      0.00     76.29
                all      0.01      0.00     23.69      0.00      0.00     76.30
                all      0.29      0.00      1.99      0.01      0.00     97.71
end------
                all      0.06      0.00      0.26      0.00      0.00     99.67
                all      0.12      0.00      0.44      0.00      0.00     99.44
                all      0.13      0.00      0.45      0.00      0.00     99.42
start----
                all      0.34      0.00      1.69      0.04      0.00     97.94
                all      0.42      0.00     23.02      0.01      0.00     76.55
                all      0.04      0.00     24.05      0.01      0.00     75.90
                all      0.05      0.00     24.05      0.01      0.00     75.89
                all      0.27      0.00     23.54      0.00      0.00     76.19
                all      0.01      0.00     23.69      0.00      0.00     76.29
                all      0.02      0.00     23.69      0.00      0.00     76.29
                all      0.45      0.00      9.80      0.00      0.00     89.75
end------
                all      0.05      0.00      0.18      0.00      0.00     99.77
                all      0.12      0.00      0.45      0.00      0.00     99.43
                all      0.12      0.00      0.45      0.07      0.00     99.36
start----
                all      0.11      0.00      0.40      0.01      0.00     99.49
                all      0.61      0.00     21.08      0.02      0.00     78.29
                all      0.05      0.00     24.01      0.01      0.00     75.93
                all      0.04      0.00     24.20      0.00      0.00     75.76
                all      0.36      0.00     23.53      0.00      0.00     76.10
                all      0.01      0.00     23.69      0.00      0.00     76.30
                all      0.01      0.00     23.69      0.00      0.00     76.30
                all      0.44      0.00     12.73      0.00      0.00     86.82
end------
                all      0.03      0.00      0.11      0.00      0.00     99.86
                all      0.13      0.00      0.44      0.00      0.00     99.43
                all      0.12      0.00      0.46      0.07      0.00     99.35
start----
                all      0.12      0.00      0.41      0.00      0.00     99.47
                all      2.22      0.00     30.49      0.07      0.00     67.22
                all      0.80      0.00     27.20      0.00      0.00     72.00
end------
                all      0.01      0.00      0.07      0.00      0.00     99.92
                all      0.13      0.00      0.44      0.00      0.00     99.43
                all      0.13      0.00      0.44      0.07      0.00     99.36
                all      0.13      0.00      0.44      0.00      0.00     99.43
start----
                all      2.09      0.00     26.06      0.07      0.00     71.78
                all      0.93      0.00     30.95      0.00      0.00     68.12
end------
                all      0.01      0.00      0.07      0.00      0.00     99.92
                all      0.19      0.00      0.67      0.01      0.00     99.13
                all      0.22      0.00      0.53      0.01      0.00     99.24
                all      0.15      0.00      0.54      0.07      0.00     99.24
start----
                all      2.02      0.00     23.22      0.08      0.00     74.67
                all      1.02      0.00     35.52      0.01      0.00     63.45
end------
                all      0.01      0.00      0.11      0.03      0.00     99.85
                all      0.12      0.00      0.46      0.01      0.00     99.41
                all      0.13      0.00      0.46      0.00      0.00     99.41
                all      0.12      0.00      0.46      0.00      0.00     99.42
start----
                all      2.16      0.00      8.88      0.07      0.00     88.89
                all      0.51      0.00     46.67      0.05      0.00     52.76
                all      0.17      0.00     46.28      0.14      0.00     53.41
                all      0.43      0.00      3.87      0.08      0.00     95.61
end------
                all      0.09      0.00      0.34      0.00      0.00     99.57
                all      0.13      0.00      0.45      0.00      0.00     99.43
                all      0.14      0.00      0.51      0.02      0.00     99.33
start----
                all      0.30      0.00      3.16      0.05      0.00     96.49
                all      1.89      0.00     39.46      0.05      0.00     58.60
                all      0.43      0.00     45.96      0.01      0.00     53.60
                all      0.53      0.00     16.17      0.04      0.00     83.26
end------
                all      0.09      0.00      0.35      0.07      0.00     99.49
                all      0.13      0.00      0.46      0.00      0.00     99.41
                all      0.13      0.00      0.45      0.00      0.00     99.43
start----
                all      0.13      0.00      0.40      0.01      0.00     99.47
                all      2.14      0.00     34.59      0.07      0.00     63.20
                all      0.45      0.00     46.05      0.00      0.00     53.50
                all      0.58      0.00     23.74      0.01      0.00     75.67
end------
                all      0.08      0.00      0.16      0.02      0.00     99.74
                all      0.15      0.00      0.48      0.01      0.00     99.35
                all      0.15      0.00      0.59      0.05      0.00     99.21
start----
                all      0.13      0.00      0.44      0.00      0.00     99.44
                all      2.01      0.00     26.37      0.07      0.00     71.55
                all      0.05      0.00     47.43      0.02      0.00     52.50
                all      0.45      0.00     46.60      0.08      0.00     52.87
                all      0.02      0.00     46.28      0.00      0.00     53.70
                all      0.60      0.00     32.02      0.03      0.00     67.35
end------
                all      0.06      0.00      0.13      0.01      0.00     99.80
                all      0.14      0.00      0.44      0.00      0.00     99.42
                all      0.14      0.00      0.44      0.00      0.00     99.43
                all      0.13      0.00      0.45      0.00      0.00     99.42
start----
                all      2.09      0.00     17.07      0.09      0.00     80.75
                all      0.05      0.00     47.28      0.00      0.00     52.67
                all      0.46      0.00     45.68      0.01      0.00     53.85
                all      0.01      0.00     46.26      0.00      0.00     53.73
                all      1.67      0.00     41.56      0.00      0.00     56.77
                all      0.02      0.00      0.08      0.01      0.00     99.89
end------
                all      0.10      0.00      0.36      0.00      0.00     99.54
                all      0.13      0.00      0.43      0.00      0.00     99.44
                all      0.13      0.00      0.44      0.00      0.00     99.43
start----
                all      2.21      0.00     10.29      0.07      0.00     87.43
                all      0.04      0.00     47.24      0.00      0.00     52.72
                all      0.48      0.00     46.25      0.04      0.00     53.22
                all      0.02      0.00     46.27      0.00      0.00     53.72
                all      1.14      0.00     45.15      0.00      0.00     53.71
                all      0.04      0.00      1.70      0.01      0.00     98.24
end------
                all      0.06      0.00      0.23      0.00      0.00     99.70
                all      0.14      0.00      0.43      0.00      0.00     99.43
                all      0.14      0.00      0.43      0.00      0.00     99.43
start----
                all      0.32      0.00      3.33      0.02      0.00     96.32
                all      1.87      0.00     39.26      0.03      0.00     58.84
                all      0.04      0.00     47.57      0.00      0.00     52.38
                all      0.04      0.00     47.74      0.00      0.00     52.21
                all      0.04      0.00     47.64      0.00      0.00     52.31
                all      0.48      0.00     44.82      0.00      0.00     54.70
                all      0.02      0.00     46.28      0.00      0.00     53.70
                all      0.04      0.00     46.35      0.00      0.00     53.60
                all      0.02      0.00     46.17      0.00      0.00     53.81
