
Linux 5.2.8200225+ (knl03.kisti.re.kr) 	2020년 05월 26일 	_x86_64_	(272 CPU)

                CPU     %user     %nice   %system   %iowait    %steal     %idle
                all      0.03      0.00      0.10      0.00      0.00     99.87
                all      0.03      0.00      0.08      0.15      0.00     99.74
                all      0.01      0.00      0.07      0.37      0.00     99.55
                all      0.01      0.00      0.07      0.37      0.00     99.54
                all      0.01      0.00      0.08      0.18      0.00     99.73
                all      0.02      0.00      0.15      0.24      0.00     99.58
                all      0.02      0.00      0.10      0.02      0.00     99.86
                all      0.03      0.00      0.11      0.00      0.00     99.86
                all      0.10      0.00      0.22      0.08      0.00     99.59
                all      0.02      0.00      0.19      0.01      0.00     99.78
                all      0.01      0.00      0.08      0.00      0.00     99.91
                all      0.03      0.00      0.08      0.00      0.00     99.89
start----
                all      0.04      0.00      0.32      0.01      0.00     99.63
                all      0.38      0.00     10.22      0.01      0.00     89.40
                all      0.07      0.00      0.25      0.01      0.00     99.66
                all      0.12      0.00      0.22      0.01      0.00     99.64
                all      0.03      0.00      0.10      0.02      0.00     99.85
                all      0.03      0.00      0.16      0.07      0.00     99.74
                all      0.34      0.00      5.81      0.03      0.00     93.82
                all      0.09      0.00      4.72      0.02      0.00     95.17
end------
                all      0.06      0.00      0.26      0.02      0.00     99.66
                all      0.13      0.00      0.48      0.00      0.00     99.39
                all      0.11      0.00      0.48      0.00      0.00     99.41
start----
                all      0.10      0.00      0.46      0.01      0.00     99.42
                all      0.34      0.00      9.93      0.04      0.00     89.69
                all      0.08      0.00      0.71      0.13      0.00     99.07
end------
                all      0.07      0.00      0.34      0.01      0.00     99.58
                all      0.12      0.00      0.45      0.00      0.00     99.43
                all      0.20      0.00      0.47      0.04      0.00     99.29
start----
                all      0.31      0.00      3.34      0.04      0.00     96.31
                all      0.28      0.00     11.62      0.00      0.00     88.11
                all      0.08      0.00      5.18      0.02      0.00     94.72
end------
                all      0.05      0.00      0.22      0.01      0.00     99.71
                all      0.12      0.00      0.55      0.03      0.00     99.30
                all      0.14      0.00      0.54      0.03      0.00     99.29
start----
                all      0.10      0.00      0.41      0.00      0.00     99.48
                all      0.35      0.00     10.64      0.03      0.00     88.97
                all      0.09      0.00      9.18      0.06      0.00     90.68
end------
                all      0.02      0.00      0.11      0.03      0.00     99.84
                all      0.11      0.00      0.48      0.00      0.00     99.41
                all      0.11      0.00      0.48      0.00      0.00     99.40
                all      0.19      0.00      0.53      0.02      0.00     99.26
start----
                all      0.28      0.00      5.85      0.06      0.00     93.81
                all      0.51      0.00     11.54      0.02      0.00     87.93
                all      0.07      0.00      3.11      0.02      0.00     96.80
end------
                all      0.07      0.00      0.27      0.00      0.00     99.67
                all      0.13      0.00      0.51      0.02      0.00     99.34
                all      0.11      0.00      0.48      0.00      0.00     99.41
start----
                all      0.30      0.00      1.19      0.03      0.00     98.48
                all      0.07      0.00     11.97      0.00      0.00     87.95
                all      0.58      0.00     11.98      0.01      0.00     87.43
                all      0.03      0.00     11.88      0.00      0.00     88.09
                all      0.08      0.00      3.18      0.01      0.00     96.73
end------
                all      0.06      0.00      0.27      0.00      0.00     99.67
                all      0.11      0.00      0.46      0.00      0.00     99.43
                all      0.11      0.00      0.46      0.00      0.00     99.42
start----
                all      0.29      0.00      1.06      0.02      0.00     98.63
                all      0.06      0.00     11.91      0.00      0.00     88.03
                all      0.89      0.00     11.52      0.00      0.00     87.59
                all      0.01      0.00     11.87      0.00      0.00     88.11
                all      0.15      0.00      4.02      0.00      0.00     95.83
end------
                all      0.04      0.00      0.19      0.00      0.00     99.77
                all      0.11      0.00      0.45      0.00      0.00     99.44
                all      0.12      0.00      0.46      0.00      0.00     99.42
start----
                all      0.10      0.00      0.42      0.01      0.00     99.47
                all      0.26      0.00      9.95      0.01      0.00     89.78
                all      0.41      0.00     11.97      0.00      0.00     87.62
                all      0.01      0.00     11.90      0.00      0.00     88.09
                all      0.14      0.00      6.10      0.01      0.00     93.75
end------
                all      0.03      0.00      0.17      0.00      0.00     99.80
                all      0.12      0.00      0.45      0.00      0.00     99.42
                all      0.13      0.00      0.47      0.00      0.00     99.40
start----
                all      0.13      0.00      0.48      0.01      0.00     99.38
                all      0.31      0.00     10.14      0.02      0.00     89.53
                all      0.05      0.00     12.41      0.00      0.00     87.54
                all      0.04      0.00     11.81      0.64      0.00     87.51
                all      2.17      0.00      3.30      6.86      0.00     87.67
                all      1.91      0.00     10.39      0.06      0.00     87.65
                all      0.02      0.00     11.90      0.00      0.00     88.08
                all      0.01      0.00     11.88      0.00      0.00     88.11
                all      0.21      0.00     10.94      0.00      0.00     88.85
                all      0.03      0.00      0.08      0.01      0.00     99.88
end------
                all      0.08      0.00      0.34      0.00      0.00     99.58
                all      0.12      0.00      0.45      0.00      0.00     99.43
                all      0.10      0.00      0.46      0.00      0.00     99.43
start----
                all      0.31      0.00      2.71      0.02      0.00     96.96
                all      0.04      0.00     11.95      0.00      0.00     88.00
                all      0.05      0.00     12.44      0.00      0.00     87.51
                all      0.04      0.00      6.95      5.37      0.00     87.64
                all      0.69      0.00      5.78      5.76      0.00     87.78
                all      0.22      0.00     11.83      0.00      0.00     87.95
                all      0.02      0.00     11.88      0.00      0.00     88.10
                all      0.01      0.00     11.87      0.00      0.00     88.11
                all      0.36      0.00      4.15      0.01      0.00     95.48
end------
                all      0.03      0.00      0.14      0.00      0.00     99.83
                all      0.11      0.00      0.46      0.00      0.00     99.43
                all      0.11      0.00      0.47      0.08      0.00     99.35
start----
                all      0.11      0.00      0.42      0.00      0.00     99.47
                all      0.28      0.00      9.66      0.03      0.00     90.04
                all      0.04      0.00     12.31      0.00      0.00     87.65
                all      0.04      0.00     10.46      1.98      0.00     87.53
                all      0.07      0.00      3.00      9.14      0.00     87.79
                all      2.94      0.00      9.07      0.24      0.00     87.75
                all      0.02      0.00     11.91      0.00      0.00     88.07
                all      0.01      0.00     11.87      0.00      0.00     88.11
                all      0.07      0.00     11.83      0.00      0.00     88.11
                all      0.15      0.00      0.35      0.00      0.00     99.49
end------
                all      0.06      0.00      0.32      0.00      0.00     99.61
                all      0.11      0.00      0.45      0.00      0.00     99.43
                all      0.12      0.00      0.46      0.00      0.00     99.42
start----
                all      0.67      0.00      2.13      0.07      0.00     97.13
                all      0.34      0.00     18.50      0.00      0.00     81.16
end------
                all      0.01      0.00      0.05      0.00      0.00     99.94
                all      0.13      0.00      0.44      0.00      0.00     99.43
                all      0.11      0.00      0.45      0.00      0.00     99.43
                all      0.11      0.00      0.46      0.00      0.00     99.43
start----
                all      0.77      0.00     12.52      0.05      0.00     86.66
                all      0.14      0.00      8.05      0.00      0.00     91.82
end------
                all      0.05      0.00      0.26      0.00      0.00     99.70
                all      0.11      0.00      0.46      0.00      0.00     99.43
                all      0.11      0.00      0.45      0.00      0.00     99.43
start----
                all      0.33      0.00      1.58      0.04      0.00     98.06
                all      0.62      0.00     19.10      0.01      0.00     80.27
end------
                all      0.01      0.00      0.03      0.00      0.00     99.96
                all      0.11      0.00      0.45      0.00      0.00     99.44
                all      0.11      0.00      0.46      0.00      0.00     99.43
                all      0.11      0.00      0.46      0.00      0.00     99.43
start----
                all      0.63      0.00     11.93      0.06      0.00     87.38
                all      0.23      0.00     23.43      0.00      0.00     76.34
                all      0.13      0.00      3.38      0.00      0.00     96.48
end------
                all      0.09      0.00      0.29      0.00      0.00     99.62
                all      0.12      0.00      0.47      0.00      0.00     99.41
                all      0.12      0.00      0.46      0.00      0.00     99.42
start----
                all      0.60      0.00      4.65      0.05      0.00     94.70
                all      0.39      0.00     23.46      0.00      0.00     76.15
                all      0.15      0.00     10.85      0.00      0.00     89.00
end------
                all      0.04      0.00      0.15      0.00      0.00     99.81
                all      0.11      0.00      0.46      0.00      0.00     99.43
                all      0.11      0.00      0.45      0.07      0.00     99.36
start----
                all      0.10      0.00      0.42      0.00      0.00     99.48
                all      0.79      0.00     20.17      0.09      0.00     78.95
                all      0.22      0.00     18.77      0.00      0.00     81.01
end------
                all      0.00      0.00      0.03      0.00      0.00     99.97
                all      0.11      0.00      0.45      0.00      0.00     99.44
                all      0.12      0.00      0.45      0.00      0.00     99.43
                all      0.12      0.00      0.45      0.00      0.00     99.43
start----
                all      0.60      0.00     12.41      0.05      0.00     86.95
                all      0.29      0.00     23.76      0.00      0.00     75.95
                all      0.15      0.00     23.64      0.01      0.00     76.19
                all      0.27      0.00     17.23      0.00      0.00     82.50
                all      0.03      0.00      0.05      0.00      0.00     99.92
end------
                all      0.10      0.00      0.41      0.00      0.00     99.49
                all      0.11      0.00      0.45      0.00      0.00     99.44
                all      0.10      0.00      0.46      0.08      0.00     99.36
start----
                all      0.60      0.00      9.29      0.06      0.00     90.06
                all      0.04      0.00     23.93      0.00      0.00     76.02
                all      0.37      0.00     23.50      0.00      0.00     76.12
                all      0.26      0.00     20.31      0.00      0.00     79.43
end------
                all      0.01      0.00      0.04      0.00      0.00     99.95
                all      0.10      0.00      0.44      0.00      0.00     99.46
                all      0.11      0.00      0.46      0.03      0.00     99.40
                all      0.11      0.00      0.47      0.05      0.00     99.36
start----
                all      0.58      0.00     11.19      0.07      0.00     88.17
                all      0.05      0.00     23.95      0.00      0.00     76.00
                all      0.38      0.00     23.24      0.00      0.00     76.38
                all      0.42      0.00     18.28      0.01      0.00     81.29
end------
                all      0.00      0.00      0.04      0.00      0.00     99.96
                all      0.12      0.00      0.45      0.00      0.00     99.44
                all      0.11      0.00      0.46      0.00      0.00     99.43
                all      0.12      0.00      0.45      0.00      0.00     99.42
start----
                all      0.67      0.00     12.70      0.04      0.00     86.59
                all      0.06      0.00     24.02      0.00      0.00     75.93
                all      0.05      0.00     24.23      0.00      0.00     75.72
                all      1.60      0.00     16.81      5.82      0.00     75.77
                all      0.32      0.00     23.46      0.00      0.00     76.22
                all      0.01      0.00     23.68      0.00      0.00     76.31
                all      0.02      0.00     23.69      0.00      0.00     76.30
                all      0.45      0.00      8.87      0.00      0.00     90.68
end------
                all      0.03      0.00      0.13      0.00      0.00     99.83
                all      0.11      0.00      0.45      0.00      0.00     99.44
                all      0.12      0.00      0.46      0.00      0.00     99.42
start----
                all      0.11      0.00      0.43      0.00      0.00     99.45
                all      0.54      0.00     17.13      0.06      0.00     82.27
                all      0.04      0.00     24.12      0.00      0.00     75.84
                all      0.05      0.00     24.23      0.00      0.00     75.72
                all      1.73      0.00     17.68      4.84      0.00     75.75
                all      0.27      0.00     23.47      0.00      0.00     76.26
                all      0.01      0.00     23.69      0.00      0.00     76.30
                all      0.01      0.00     23.68      0.00      0.00     76.30
                all      0.50      0.00      4.28      0.00      0.00     95.22
end------
                all      0.05      0.00      0.22      0.00      0.00     99.72
                all      0.12      0.00      0.46      0.00      0.00     99.42
                all      0.12      0.00      0.45      0.00      0.00     99.43
start----
                all      0.10      0.00      0.42      0.01      0.00     99.47
                all      0.58      0.00     21.44      0.02      0.00     77.96
                all      0.04      0.00     24.24      0.00      0.00     75.72
                all      0.05      0.00     21.71      2.49      0.00     75.76
                all      3.21      0.00     17.50      3.17      0.00     76.12
                all      0.01      0.00     23.72      0.00      0.00     76.26
                all      0.01      0.00     23.69      0.00      0.00     76.30
                all      0.10      0.00     23.62      0.00      0.00     76.28
                all      0.43      0.00      3.05      0.00      0.00     96.52
end------
                all      0.07      0.00      0.29      0.00      0.00     99.64
                all      0.10      0.00      0.46      0.00      0.00     99.44
                all      0.12      0.00      0.45      0.00      0.00     99.43
start----
                all      1.00      0.00      5.41      0.07      0.00     93.52
                all      1.62      0.00     43.04      0.02      0.00     55.32
                all      0.56      0.00      6.07      0.00      0.00     93.37
end------
                all      0.07      0.00      0.29      0.00      0.00     99.65
                all      0.11      0.00      0.45      0.00      0.00     99.44
                all      0.12      0.00      0.45      0.07      0.00     99.36
start----
                all      0.78      0.00      3.48      0.04      0.00     95.71
                all      1.84      0.00     42.92      0.03      0.00     55.21
                all      0.54      0.00      6.40      0.00      0.00     93.06
end------
                all      0.07      0.00      0.29      0.00      0.00     99.64
                all      0.12      0.00      0.45      0.00      0.00     99.43
                all      0.11      0.00      0.45      0.00      0.00     99.44
start----
                all      0.72      0.00      4.10      0.06      0.00     95.12
                all      2.03      0.00     42.57      0.03      0.00     55.38
                all      0.57      0.00      6.80      0.00      0.00     92.62
end------
                all      0.06      0.00      0.28      0.00      0.00     99.66
                all      0.11      0.00      0.46      0.00      0.00     99.42
                all      0.12      0.00      0.45      0.07      0.00     99.37
start----
                all      0.75      0.00      3.45      0.05      0.00     95.75
                all      1.61      0.00     43.78      0.02      0.00     54.60
                all      0.48      0.00     45.86      0.00      0.00     53.66
                all      0.05      0.00      2.91      0.01      0.00     97.04
end------
                all      0.06      0.00      0.23      0.00      0.00     99.71
                all      0.11      0.00      0.45      0.00      0.00     99.44
                all      0.11      0.00      0.46      0.00      0.00     99.43
start----
                all      0.26      0.00      3.02      0.10      0.00     96.62
                all      1.97      0.00     39.33      0.04      0.00     58.66
                all      0.43      0.00     45.72      0.00      0.00     53.84
                all      0.55      0.00      8.05      0.00      0.00     91.40
end------
                all      0.04      0.00      0.20      0.00      0.00     99.75
                all      0.12      0.00      0.45      0.00      0.00     99.43
                all      0.11      0.00      0.45      0.00      0.00     99.43
start----
                all      0.10      0.00      0.40      0.01      0.00     99.49
                all      1.98      0.00     36.89      0.13      0.00     61.00
                all      0.55      0.00     45.81      0.00      0.00     53.64
                all      0.54      0.00     14.07      0.00      0.00     85.39
end------
                all      0.03      0.00      0.10      0.00      0.00     99.88
                all      0.11      0.00      0.46      0.00      0.00     99.43
                all      0.11      0.00      0.45      0.07      0.00     99.36
start----
                all      0.11      0.00      0.42      0.00      0.00     99.47
                all      1.99      0.00     29.31      0.08      0.00     68.62
                all      0.05      0.00     47.61      0.00      0.00     52.34
                all      0.64      0.00     44.69      0.04      0.00     54.63
                all      0.02      0.00     46.29      0.00      0.00     53.69
                all      1.64      0.00     15.47      0.00      0.00     82.89
end------
                all      0.03      0.00      0.10      0.00      0.00     99.87
                all      0.12      0.00      0.46      0.00      0.00     99.42
                all      0.11      0.00      0.45      0.00      0.00     99.44
start----
                all      0.10      0.00      0.44      0.00      0.00     99.46
                all      2.06      0.00     28.50      0.07      0.00     69.36
                all      0.07      0.00     47.74      0.00      0.00     52.18
                all      0.95      0.00     45.25      0.00      0.00     53.79
                all      0.02      0.00     46.30      0.00      0.00     53.69
                all      0.81      0.00     16.81      0.00      0.00     82.37
end------
                all      0.04      0.00      0.17      0.00      0.00     99.78
                all      0.11      0.00      0.46      0.00      0.00     99.42
                all      0.11      0.00      0.46      0.00      0.00     99.43
start----
                all      0.11      0.00      0.39      0.00      0.00     99.49
                all      1.92      0.00     35.06      0.07      0.00     62.95
                all      0.50      0.00     47.23      0.00      0.00     52.26
                all      0.19      0.00     44.73      0.02      0.00     55.05
                all      0.69      0.00     45.70      0.00      0.00     53.61
                all      1.11      0.00      9.93      0.01      0.00     88.94
end------
                all      0.03      0.00      0.15      0.00      0.00     99.82
                all      0.12      0.00      0.45      0.00      0.00     99.43
                all      0.11      0.00      0.46      0.07      0.00     99.35
start----
                all      0.11      0.00      0.41      0.00      0.00     99.47
                all      2.05      0.00     33.38      0.09      0.00     64.48
                all      0.04      0.00     47.65      0.00      0.00     52.30
                all      0.04      0.00     47.84      0.00      0.00     52.12
                all      1.29      0.00     46.62      0.00      0.00     52.10
                all      0.46      0.00     45.60      0.00      0.00     53.93
                all      0.02      0.00     46.27      0.00      0.00     53.72
                all      0.02      0.00     46.27      0.00      0.00     53.71
                all      0.01      0.00     46.19      0.00      0.00     53.80
                all      0.95      0.00     14.87      0.00      0.00     84.17
end------
                all      0.03      0.00      0.11      0.00      0.00     99.85
                all      0.12      0.00      0.45      0.00      0.00     99.44
                all      0.12      0.00      0.45      0.07      0.00     99.36
start----
                all      0.12      0.00      0.44      0.00      0.00     99.44
                all      1.98      0.00     29.08      0.08      0.00     68.85
                all      0.05      0.00     47.57      0.00      0.00     52.38
                all      0.06      0.00     47.82      0.00      0.00     52.13
                all      1.90      0.00     46.02      0.00      0.00     52.08
                all      0.61      0.00     45.87      0.00      0.00     53.52
                all      0.02      0.00     46.30      0.00      0.00     53.69
                all      0.02      0.00     46.29      0.00      0.00     53.69
                all      0.02      0.00     46.20      0.00      0.00     53.78
                all      0.84      0.00     20.26      0.01      0.00     78.89
end------
                all      0.01      0.00      0.06      0.00      0.00     99.93
                all      0.11      0.00      0.45      0.00      0.00     99.43
                all      0.12      0.00      0.45      0.00      0.00     99.43
                all      0.11      0.00      0.46      0.00      0.00     99.43
start----
                all      2.09      0.00     23.18      0.07      0.00     74.67
                all      0.04      0.00     47.55      0.00      0.00     52.41
                all      0.05      0.00     47.86      0.00      0.00     52.09
                all      0.77      0.00     47.15      0.00      0.00     52.08
                all      0.44      0.00     44.75      0.03      0.00     54.78
                all      0.02      0.00     46.29      0.00      0.00     53.70
                all      0.02      0.00     46.26      0.00      0.00     53.72
                all      0.04      0.00     46.19      0.00      0.00     53.77
                all      1.97      0.00     22.72      0.00      0.00     75.30
end------
                all      0.02      0.00      0.09      0.00      0.00     99.89
                all      0.12      0.00      0.45      0.00      0.00     99.43
                all      0.13      0.00      0.45      0.07      0.00     99.35
start----
                all      0.11      0.00      0.45      0.00      0.00     99.44
                all      6.85      0.00     35.75      0.13      0.00     57.27
                all      4.21      0.00     85.59      0.02      0.00     10.17
                all      5.30      0.00     43.52      0.00      0.00     51.18
                all      0.02      0.00      0.07      0.00      0.00     99.91
end------
                all      0.11      0.00      0.41      0.00      0.00     99.48
                all      0.13      0.00      0.44      0.00      0.00     99.44
                all      0.11      0.00      0.46      0.00      0.00     99.43
start----
                all      0.97      0.00     11.59      0.06      0.00     87.38
                all      7.44      0.00     63.40      0.09      0.00     29.07
                all      8.89      0.00     80.20      0.00      0.00     10.91
                all      0.43      0.00     12.16      0.00      0.00     87.41
end------
                all      0.04      0.00      0.18      0.00      0.00     99.78
                all      0.12      0.00      0.45      0.00      0.00     99.43
                all      0.11      0.00      0.45      0.00      0.00     99.43
start----
                all      0.11      0.00      0.41      0.01      0.00     99.48
                all      8.72      0.00     37.88      0.12      0.00     53.29
                all      3.86      0.00     85.76      0.00      0.00     10.38
                all      5.07      0.00     41.86      0.00      0.00     53.07
                all      0.02      0.00      0.06      0.00      0.00     99.92
end------
                all      0.11      0.00      0.41      0.00      0.00     99.48
                all      0.11      0.00      0.45      0.00      0.00     99.44
                all      0.12      0.00      0.44      0.00      0.00     99.44
start----
                all      2.54      0.00     12.20      0.11      0.00     85.15
                all      6.02      0.00     80.95      0.03      0.00     13.00
                all      3.33      0.00     88.54      0.00      0.00      8.13
                all      0.15      0.00     87.25      0.00      0.00     12.60
                all      4.18      0.00     20.98      0.00      0.00     74.83
end------
                all      0.01      0.00      0.06      0.00      0.00     99.93
                all      0.11      0.00      0.45      0.00      0.00     99.44
                all      0.13      0.00      0.45      0.07      0.00     99.35
                all      0.12      0.00      0.44      0.00      0.00     99.44
start----
                all      4.10      0.00     30.35      0.17      0.00     65.38
                all      4.04      0.00     87.18      0.07      0.00      8.71
                all      3.91      0.00     85.68      0.00      0.00     10.41
                all      6.54      0.00     79.73      0.00      0.00     13.74
                all      0.07      0.00      5.06      0.01      0.00     94.86
end------
                all      0.04      0.00      0.14      0.00      0.00     99.82
                all      0.12      0.00      0.45      0.00      0.00     99.44
                all      0.12      0.00      0.44      0.00      0.00     99.44
start----
                all      0.11      0.00      0.44      0.00      0.00     99.45
                all      5.89      0.00     36.35      0.14      0.00     57.62
                all      3.44      0.00     89.89      0.20      0.00      6.47
                all      4.23      0.00     84.69      0.00      0.00     11.09
                all      6.83      0.00     76.00      0.00      0.00     17.17
                all      0.05      0.00      3.42      0.00      0.00     96.53
end------
                all      0.05      0.00      0.20      0.00      0.00     99.75
                all      0.11      0.00      0.46      0.00      0.00     99.44
                all      0.11      0.00      0.46      0.00      0.00     99.43
start----
                all      0.11      0.00      0.41      0.00      0.00     99.48
                all      8.51      0.00     44.48      0.15      0.00     46.86
                all      0.06      0.00     94.48      0.00      0.00      5.47
                all      0.93      0.00     93.90      0.00      0.00      5.17
                all      3.37      0.00     82.83      0.01      0.00     13.79
                all      0.06      0.00     87.29      0.00      0.00     12.65
                all      0.05      0.00     87.17      0.00      0.00     12.78
                all      6.60      0.00     32.40      0.00      0.00     60.99
                all      0.02      0.00      0.06      0.00      0.00     99.92
end------
                all      0.10      0.00      0.37      0.00      0.00     99.53
                all      0.13      0.00      0.44      0.00      0.00     99.43
                all      0.13      0.00      0.46      0.00      0.00     99.41
start----
                all      1.05      0.00     11.27      0.05      0.00     87.63
                all      8.06      0.00     74.84      0.17      0.00     16.93
                all      0.04      0.00     94.60      0.00      0.00      5.35
                all      3.81      0.00     88.67      0.00      0.00      7.52
                all      0.04      0.00     87.38      0.00      0.00     12.58
                all      0.12      0.00     88.02      0.02      0.00     11.83
                all      7.86      0.00     79.90      0.00      0.00     12.24
                all      0.07      0.00      5.69      0.00      0.00     94.24
end------
                all      0.05      0.00      0.20      0.00      0.00     99.74
                all      0.12      0.00      0.47      0.00      0.00     99.41
                all      0.11      0.00      0.45      0.00      0.00     99.43
start----
                all      0.11      0.00      0.40      0.01      0.00     99.48
                all      8.58      0.00     40.11      0.10      0.00     51.22
                all      0.16      0.00     93.92      0.00      0.00      5.92
                all      0.36      0.00     94.40      0.00      0.00      5.24
                all      4.72      0.00     84.72      0.00      0.00     10.56
                all      0.05      0.00     87.32      0.00      0.00     12.63
                all      0.04      0.00     87.27      0.00      0.00     12.68
                all      6.25      0.00     38.07      0.00      0.00     55.68
                all      0.02      0.00      0.07      0.00      0.00     99.91
end------
                all      0.10      0.00      0.38      0.00      0.00     99.51
                all      0.12      0.00      0.44      0.01      0.00     99.43
                all      0.11      0.00      0.46      0.06      0.00     99.37
start----
                all      1.03      0.00     14.38      0.11      0.00     84.48
                all      9.39      0.00     73.40      0.10      0.00     17.12
                all      0.06      0.00     94.60      0.00      0.00      5.34
                all      0.05      0.00     94.84      0.00      0.00      5.11
                all      0.04      0.00     94.87      0.00      0.00      5.09
                all      4.53      0.00     90.37      0.00      0.00      5.11
                all      2.54      0.00     87.51      0.00      0.00      9.95
                all      0.04      0.00     87.33      0.00      0.00     12.63
                all      0.04      0.00     87.39      0.00      0.00     12.56
                all      0.04      0.00     87.22      0.00      0.00     12.73
                all      0.04      0.00     87.32      0.00      0.00     12.64
                all      0.04      0.00     87.38      0.00      0.00     12.57
                all      6.78      0.00     51.83      0.00      0.00     41.40
                all      0.03      0.00      0.11      0.00      0.00     99.86
end------
                all      0.07      0.00      0.29      0.00      0.00     99.65
                all      0.11      0.00      0.46      0.00      0.00     99.44
                all      0.13      0.00      0.45      0.07      0.00     99.35
start----
                all      0.53      0.00      8.13      0.09      0.00     91.26
                all      8.48      0.00     57.67      0.12      0.00     33.74
                all      0.05      0.00     94.50      0.00      0.00      5.45
                all      0.05      0.00     94.83      0.00      0.00      5.13
                all      0.05      0.00     94.82      0.00      0.00      5.13
                all      2.28      0.00     92.57      0.00      0.00      5.15
                all      2.17      0.00     89.40      0.00      0.00      8.42
                all      0.04      0.00     87.41      0.00      0.00     12.54
                all      0.04      0.00     87.18      0.00      0.00     12.77
                all      0.05      0.00     87.34      0.00      0.00     12.61
                all      0.05      0.00     87.31      0.00      0.00     12.64
                all      0.05      0.00     87.22      0.00      0.00     12.73
                all      7.33      0.00     69.93      0.00      0.00     22.74
                all      0.03      0.00      0.48      0.00      0.00     99.49
end------
                all      0.04      0.00      0.21      0.00      0.00     99.75
                all      0.13      0.00      0.44      0.00      0.00     99.43
                all      0.12      0.00      0.44      0.07      0.00     99.36
start----
                all      0.13      0.00      0.70      0.01      0.00     99.15
                all      8.33      0.00     50.64      0.12      0.00     40.91
                all      0.08      0.00     94.49      0.00      0.00      5.43
                all      0.04      0.00     94.81      0.00      0.00      5.15
                all      0.05      0.00     94.87      0.00      0.00      5.09
                all      0.76      0.00     94.12      0.00      0.00      5.11
                all      6.05      0.00     86.29      0.00      0.00      7.66
                all      0.04      0.00     87.39      0.00      0.00     12.56
                all      0.04      0.00     87.31      0.00      0.00     12.65
                all      0.12      0.00     87.86      0.02      0.00     12.01
                all      0.07      0.00     87.37      0.00      0.00     12.55
                all      0.05      0.00     87.36      0.00      0.00     12.58
                all      7.62      0.00     79.60      0.00      0.00     12.79
                all      0.07      0.00      4.52      0.00      0.00     95.40
end------
                all      0.03      0.00      0.11      0.00      0.00     99.86
                all      0.12      0.00      0.45      0.00      0.00     99.43
                all      0.13      0.00      0.44      0.00      0.00     99.44
                all      0.12      0.00      0.42      0.00      0.00     99.47
End of data collecting unexpected
