
Linux 5.2.8org200301+ (knl03.kisti.re.kr) 	2020년 04월 15일 	_x86_64_	(272 CPU)

                CPU     %user     %nice   %system   %iowait    %steal     %idle
                all      0.03      0.00      0.10      0.00      0.00     99.88
                all      0.03      0.00      0.08      0.15      0.00     99.75
                all      0.02      0.00      0.07      0.37      0.00     99.55
                all      0.02      0.00      0.07      0.37      0.00     99.55
                all      0.01      0.00      0.07      0.08      0.00     99.83
                all      0.02      0.00      0.13      0.25      0.00     99.60
                all      0.03      0.00      0.10      0.03      0.00     99.85
                all      0.03      0.00      0.12      0.00      0.00     99.85
                all      0.12      0.00      0.21      0.08      0.00     99.60
                all      0.02      0.00      0.23      0.01      0.00     99.74
                all      0.01      0.00      0.08      0.00      0.00     99.91
                all      0.02      0.00      0.07      0.00      0.00     99.92
start----
                all      0.01      0.00      0.08      0.00      0.00     99.90
                all      0.29      0.00      9.22      0.01      0.00     90.48
                all      0.05      0.00      1.14      0.01      0.00     98.80
end------
                all      0.10      0.00      0.36      0.00      0.00     99.53
                all      0.12      0.00      0.44      0.00      0.00     99.44
                all      0.13      0.00      0.45      0.00      0.00     99.41
start----
                all      0.32      0.00      3.66      0.02      0.00     96.00
                all      0.07      0.00      6.79      0.00      0.00     93.14
end------
                all      0.04      0.00      0.17      0.00      0.00     99.79
                all      0.12      0.00      0.45      0.00      0.00     99.43
                all      0.11      0.00      0.45      0.00      0.00     99.44
start----
                all      0.09      0.00      0.43      0.00      0.00     99.48
                all      0.31      0.00      9.94      0.02      0.00     89.72
                all      0.09      0.00      0.48      0.00      0.00     99.42
end------
                all      0.10      0.00      0.34      0.00      0.00     99.56
                all      0.12      0.00      0.46      0.00      0.00     99.42
                all      0.11      0.00      0.46      0.08      0.00     99.35
start----
                all      0.32      0.00      4.50      0.02      0.00     95.16
                all      0.04      0.00     11.94      0.00      0.00     88.01
                all      0.05      0.00      3.61      0.01      0.00     96.33
end------
                all      0.06      0.00      0.25      0.00      0.00     99.69
                all      0.11      0.00      0.46      0.00      0.00     99.43
                all      0.12      0.00      0.45      0.00      0.00     99.42
start----
                all      0.32      0.00      1.48      0.01      0.00     98.19
                all      0.09      0.00     11.83      0.00      0.00     88.08
                all      0.06      0.00      6.79      0.00      0.00     93.15
end------
                all      0.04      0.00      0.15      0.00      0.00     99.81
                all      0.14      0.00      0.52      0.00      0.00     99.33
                all      0.11      0.00      0.46      0.00      0.00     99.43
start----
                all      0.11      0.00      0.41      0.00      0.00     99.48
                all      0.28      0.00     10.02      0.02      0.00     89.68
                all      0.10      0.00      9.60      0.00      0.00     90.30
end------
                all      0.00      0.00      0.03      0.00      0.00     99.96
                all      0.12      0.00      0.45      0.00      0.00     99.43
                all      0.12      0.00      0.45      0.00      0.00     99.43
                all      0.12      0.00      0.46      0.00      0.00     99.42
start----
                all      0.28      0.00      7.14      0.03      0.00     92.55
                all      0.04      0.00     12.23      0.00      0.00     87.73
                all      0.74      0.00     11.33      0.00      0.00     87.93
                all      0.20      0.00      9.23      0.00      0.00     90.56
end------
                all      0.01      0.00      0.04      0.00      0.00     99.96
                all      0.12      0.00      0.44      0.00      0.00     99.44
                all      0.11      0.00      0.45      0.06      0.00     99.38
                all      0.11      0.00      0.46      0.02      0.00     99.41
start----
                all      0.32      0.00      7.03      0.03      0.00     92.62
                all      0.04      0.00     12.24      0.00      0.00     87.72
                all      0.48      0.00     11.55      0.00      0.00     87.97
                all      0.19      0.00      8.85      0.00      0.00     90.96
end------
                all      0.03      0.00      0.09      0.00      0.00     99.88
                all      0.10      0.00      0.46      0.00      0.00     99.44
                all      0.11      0.00      0.46      0.00      0.00     99.43
                all      0.11      0.00      0.45      0.00      0.00     99.44
start----
                all      0.28      0.00      7.81      0.03      0.00     91.88
                all      0.04      0.00     12.23      0.00      0.00     87.73
                all      0.55      0.00     11.45      0.00      0.00     88.00
                all      0.12      0.00      8.21      0.00      0.00     91.66
end------
                all      0.02      0.00      0.07      0.00      0.00     99.91
                all      0.12      0.00      0.45      0.00      0.00     99.44
                all      0.12      0.00      0.46      0.08      0.00     99.34
                all      0.12      0.00      0.45      0.00      0.00     99.43
start----
                all      0.29      0.00      8.26      0.03      0.00     91.41
                all      0.04      0.00     12.28      0.00      0.00     87.68
                all      0.04      0.00     12.44      0.00      0.00     87.51
                all      0.04      0.00      6.98      5.32      0.00     87.66
                all      0.51      0.00     11.13      0.32      0.00     88.05
                all      0.03      0.00     11.88      0.00      0.00     88.09
                all      0.02      0.00     11.87      0.00      0.00     88.11
                all      1.05      0.00      2.94      0.00      0.00     96.01
end------
                all      0.05      0.00      0.24      0.00      0.00     99.70
                all      0.11      0.00      0.45      0.00      0.00     99.43
                all      0.11      0.00      0.46      0.00      0.00     99.43
start----
                all      0.22      0.00      1.03      0.03      0.00     98.72
                all      0.18      0.00     11.72      0.00      0.00     88.09
                all      0.05      0.00     12.44      0.00      0.00     87.51
                all      0.04      0.00     12.44      0.01      0.00     87.51
                all      1.07      0.00      4.22      6.94      0.00     87.76
                all      0.02      0.00     11.89      0.00      0.00     88.09
                all      0.04      0.00     11.87      0.00      0.00     88.09
                all      0.03      0.00     11.85      0.00      0.00     88.12
                all      1.17      0.00      0.98      0.00      0.00     97.84
end------
                all      0.08      0.00      0.29      0.00      0.00     99.64
                all      0.11      0.00      0.46      0.00      0.00     99.43
                all      0.12      0.00      0.45      0.08      0.00     99.34
start----
                all      0.33      0.00      2.63      0.03      0.00     97.00
                all      0.04      0.00     11.99      0.00      0.00     87.97
                all      0.04      0.00     12.47      0.00      0.00     87.49
                all      0.04      0.00     10.72      1.70      0.00     87.54
                all      2.69      0.00      3.47      6.22      0.00     87.62
                all      0.01      0.00     11.91      0.00      0.00     88.07
                all      0.02      0.00     11.86      0.00      0.00     88.12
                all      0.01      0.00     11.88      0.00      0.00     88.10
                all      0.97      0.00      2.11      0.00      0.00     96.92
end------
                all      0.06      0.00      0.16      0.00      0.00     99.79
                all      0.12      0.00      0.45      0.00      0.00     99.44
                all      0.13      0.00      0.45      0.08      0.00     99.35
start----
                all      0.11      0.00      0.41      0.00      0.00     99.48
                all      0.79      0.00     20.17      0.04      0.00     78.99
                all      0.16      0.00      1.00      0.00      0.00     98.83
end------
                all      0.09      0.00      0.36      0.00      0.00     99.55
                all      0.11      0.00      0.46      0.00      0.00     99.43
                all      0.12      0.00      0.45      0.00      0.00     99.43
start----
                all      0.76      0.00      7.31      0.04      0.00     91.88
                all      0.19      0.00     14.24      0.00      0.00     85.56
end------
                all      0.03      0.00      0.11      0.00      0.00     99.86
                all      0.12      0.00      0.45      0.00      0.00     99.43
                all      0.12      0.00      0.46      0.00      0.00     99.42
start----
                all      0.10      0.00      0.43      0.00      0.00     99.47
                all      0.72      0.00     17.92      0.04      0.00     81.32
                all      0.13      0.00      3.36      0.00      0.00     96.51
end------
                all      0.08      0.00      0.31      0.00      0.00     99.61
                all      0.13      0.00      0.44      0.00      0.00     99.43
                all      0.11      0.00      0.45      0.00      0.00     99.44
start----
                all      0.72      0.00      4.67      0.06      0.00     94.55
                all      0.08      0.00     23.65      0.00      0.00     76.27
                all      0.17      0.00     11.82      0.00      0.00     88.00
end------
                all      0.05      0.00      0.20      0.00      0.00     99.75
                all      0.11      0.00      0.45      0.00      0.00     99.43
                all      0.11      0.00      0.46      0.00      0.00     99.43
start----
                all      0.10      0.00      0.42      0.01      0.00     99.47
                all      0.71      0.00     18.55      0.05      0.00     80.69
                all      0.27      0.00     21.21      0.00      0.00     78.53
                all      0.01      0.00      0.05      0.00      0.00     99.94
end------
                all      0.10      0.00      0.41      0.00      0.00     99.49
                all      0.11      0.00      0.46      0.01      0.00     99.42
                all      0.12      0.00      0.45      0.01      0.00     99.41
start----
                all      0.74      0.00     10.51      0.06      0.00     88.69
                all      0.13      0.00     23.63      0.00      0.00     76.24
                all      0.12      0.00      5.98      0.00      0.00     93.90
end------
                all      0.07      0.00      0.24      0.00      0.00     99.69
                all      0.11      0.00      0.46      0.00      0.00     99.44
                all      0.11      0.00      0.46      0.00      0.00     99.43
start----
                all      0.64      0.00      2.30      0.04      0.00     97.01
                all      0.14      0.00     23.58      0.00      0.00     76.27
                all      0.63      0.00     23.56      0.00      0.00     75.81
                all      0.01      0.00     23.69      0.00      0.00     76.30
                all      0.32      0.00      5.51      0.00      0.00     94.17
end------
                all      0.07      0.00      0.25      0.00      0.00     99.68
                all      0.14      0.00      0.45      0.00      0.00     99.41
                all      0.11      0.00      0.46      0.00      0.00     99.42
start----
                all      0.67      0.00      2.23      0.04      0.00     97.07
                all      0.13      0.00     23.64      0.00      0.00     76.23
                all      0.71      0.00     23.41      0.00      0.00     75.87
                all      0.02      0.00     23.70      0.00      0.00     76.29
                all      0.19      0.00      5.44      0.00      0.00     94.36
end------
                all      0.06      0.00      0.21      0.00      0.00     99.74
                all      0.12      0.00      0.46      0.00      0.00     99.42
                all      0.12      0.00      0.44      0.00      0.00     99.43
start----
                all      0.11      0.00      0.40      0.01      0.00     99.48
                all      0.84      0.00     20.71      0.04      0.00     78.41
                all      0.68      0.00     23.48      0.00      0.00     75.85
                all      0.01      0.00     23.68      0.00      0.00     76.30
                all      0.19      0.00     10.64      0.00      0.00     89.17
end------
                all      0.05      0.00      0.16      0.00      0.00     99.78
                all      0.11      0.00      0.46      0.00      0.00     99.43
                all      0.12      0.00      0.45      0.08      0.00     99.35
start----
                all      0.11      0.00      0.41      0.00      0.00     99.48
                all      0.70      0.00     20.17      0.06      0.00     79.08
                all      0.04      0.00     24.19      0.00      0.00     75.77
                all      0.04      0.00     24.31      0.00      0.00     75.65
                all      6.20      0.00     17.81      0.09      0.00     75.90
                all      0.02      0.00     23.77      0.00      0.00     76.22
                all      0.02      0.00     23.69      0.00      0.00     76.30
                all      0.12      0.00     23.58      0.00      0.00     76.30
                all      0.46      0.00      1.05      0.01      0.00     98.48
end------
                all      0.06      0.00      0.25      0.00      0.00     99.68
                all      0.11      0.00      0.47      0.00      0.00     99.42
                all      0.11      0.00      0.46      0.08      0.00     99.35
start----
                all      0.33      0.00      1.68      0.04      0.00     97.94
                all      0.47      0.00     22.99      0.01      0.00     76.54
                all      0.04      0.00     24.31      0.00      0.00     75.66
                all      0.04      0.00     24.31      0.00      0.00     75.65
                all      5.93      0.00     17.77      0.09      0.00     76.20
                all      0.02      0.00     23.70      0.00      0.00     76.28
                all      0.01      0.00     23.69      0.00      0.00     76.30
                all      0.81      0.00     20.08      0.00      0.00     79.10
                all      0.02      0.00      0.08      0.00      0.00     99.90
end------
                all      0.08      0.00      0.33      0.00      0.00     99.59
                all      0.11      0.00      0.46      0.00      0.00     99.42
                all      0.13      0.00      0.45      0.08      0.00     99.35
start----
                all      0.78      0.00      5.69      0.04      0.00     93.48
                all      0.05      0.00     23.85      0.00      0.00     76.11
                all      0.04      0.00     24.19      0.01      0.00     75.76
                all      0.04      0.00     24.20      0.01      0.00     75.75
                all      0.24      0.00     23.32      0.00      0.00     76.43
                all      0.02      0.00     23.68      0.00      0.00     76.30
                all      0.02      0.00     23.70      0.00      0.00     76.28
                all      2.06      0.00      7.05      0.00      0.00     90.89
end------
                all      0.02      0.00      0.09      0.00      0.00     99.89
                all      0.12      0.00      0.45      0.00      0.00     99.43
                all      0.11      0.00      0.46      0.00      0.00     99.43
start----
                all      0.11      0.00      0.44      0.00      0.00     99.45
                all      2.51      0.00     27.14      0.08      0.00     70.26
                all      0.70      0.00     35.01      0.00      0.00     64.29
end------
                all      0.01      0.00      0.05      0.00      0.00     99.94
                all      0.13      0.00      0.44      0.00      0.00     99.43
                all      0.13      0.00      0.46      0.00      0.00     99.41
                all      0.11      0.00      0.46      0.00      0.00     99.42
start----
                all      2.53      0.00     18.25      0.08      0.00     79.15
                all      0.66      0.00     44.00      0.00      0.00     55.34
                all      0.11      0.00      0.18      0.01      0.00     99.69
end------
                all      0.10      0.00      0.39      0.00      0.00     99.50
                all      0.11      0.00      0.46      0.00      0.00     99.42
                all      0.11      0.00      0.46      0.00      0.00     99.43
start----
                all      2.39      0.00     10.52      0.08      0.00     87.01
                all      0.22      0.00     46.60      0.00      0.00     53.18
                all      0.45      0.00      4.52      0.00      0.00     95.03
end------
                all      0.07      0.00      0.30      0.00      0.00     99.63
                all      0.13      0.00      0.45      0.00      0.00     99.42
                all      0.14      0.00      0.53      0.08      0.00     99.24
start----
                all      1.02      0.00      5.70      0.16      0.00     93.12
                all      1.52      0.00     44.13      0.02      0.00     54.33
                all      0.19      0.00     46.25      0.00      0.00     53.56
                all      0.53      0.00     14.24      0.01      0.00     85.22
end------
                all      0.03      0.00      0.12      0.00      0.00     99.85
                all      0.11      0.00      0.46      0.00      0.00     99.43
                all      0.11      0.00      0.48      0.00      0.00     99.41
start----
                all      0.12      0.00      0.42      0.00      0.00     99.47
                all      2.44      0.00     29.41      0.14      0.00     68.01
                all      0.21      0.00     46.78      0.00      0.00     53.01
                all      0.55      0.00     33.61      0.00      0.00     65.83
end------
                all      0.00      0.00      0.03      0.00      0.00     99.96
                all      0.11      0.00      0.45      0.00      0.00     99.43
                all      0.12      0.00      0.45      0.05      0.00     99.38
                all      0.19      0.00      0.46      0.06      0.00     99.30
start----
                all      2.32      0.00     19.12      0.06      0.00     78.51
                all      0.24      0.00     47.08      0.00      0.00     52.69
                all      0.48      0.00     43.86      0.00      0.00     55.65
                all      0.03      0.00      0.08      0.01      0.00     99.89
end------
                all      0.10      0.00      0.40      0.00      0.00     99.50
                all      0.11      0.00      0.45      0.00      0.00     99.44
                all      0.12      0.00      0.45      0.00      0.00     99.43
start----
                all      2.24      0.00      9.34      0.10      0.00     88.33
                all      0.25      0.00     47.25      0.00      0.00     52.50
                all      0.05      0.00     47.97      0.00      0.00     51.98
                all      0.37      0.00     45.87      0.00      0.00     53.76
                all      0.02      0.00     46.30      0.00      0.00     53.67
                all      0.82      0.00      9.21      0.00      0.00     89.96
end------
                all      0.06      0.00      0.25      0.00      0.00     99.69
                all      0.11      0.00      0.46      0.00      0.00     99.43
                all      0.13      0.00      0.44      0.08      0.00     99.35
start----
                all      0.38      0.00      4.15      0.04      0.00     95.43
                all      2.27      0.00     39.48      0.04      0.00     58.21
                all      0.04      0.00     47.81      0.00      0.00     52.15
                all      0.25      0.00     46.57      0.00      0.00     53.18
                all      0.02      0.00     46.35      0.00      0.00     53.63
                all      0.63      0.00     21.35      0.00      0.00     78.02
end------
                all      0.01      0.00      0.04      0.00      0.00     99.96
                all      0.11      0.00      0.46      0.00      0.00     99.43
                all      0.12      0.00      0.44      0.00      0.00     99.44
                all      0.13      0.00      0.44      0.00      0.00     99.43
start----
                all      2.49      0.00     22.69      0.07      0.00     74.75
                all      0.04      0.00     47.59      0.00      0.00     52.37
                all      0.23      0.00     46.39      0.01      0.00     53.37
                all      0.02      0.00     46.41      0.00      0.00     53.57
                all      1.64      0.00     41.09      0.00      0.00     57.27
                all      0.02      0.00      0.10      0.00      0.00     99.88
end------
                all      0.07      0.00      0.29      0.00      0.00     99.64
                all      0.14      0.00      0.44      0.00      0.00     99.42
                all      0.11      0.00      0.45      0.00      0.00     99.43
start----
                all      0.78      0.00      4.43      0.06      0.00     94.73
                all      1.79      0.00     44.00      0.04      0.00     54.18
                all      0.04      0.00     47.81      0.00      0.00     52.15
                all      0.05      0.00     47.98      0.00      0.00     51.97
                all      0.06      0.00     47.94      0.01      0.00     51.99
                all      0.31      0.00     45.98      0.00      0.00     53.71
                all      0.02      0.00     46.48      0.00      0.00     53.50
                all      0.02      0.00     46.33      0.00      0.00     53.66
                all      0.02      0.00     46.23      0.00      0.00     53.75
                all      4.29      0.00     23.87      0.01      0.00     71.83
end------
                all      0.03      0.00      0.11      0.00      0.00     99.86
                all      0.12      0.00      0.43      0.00      0.00     99.45
                all      0.12      0.00      0.45      0.00      0.00     99.43
                all      0.11      0.00      0.45      0.00      0.00     99.44
start----
                all      2.56      0.00     14.95      0.09      0.00     82.41
                all      0.05      0.00     47.49      0.00      0.00     52.46
                all      0.04      0.00     48.07      0.00      0.00     51.88
                all      0.05      0.00     48.08      0.00      0.00     51.88
                all      0.04      0.00     48.06      0.00      0.00     51.91
                all      0.24      0.00     44.42      0.00      0.00     55.35
                all      0.01      0.00     46.38      0.00      0.00     53.61
                all      0.02      0.00     46.26      0.00      0.00     53.72
                all      1.04      0.00     45.26      0.00      0.00     53.70
                all      4.09      0.00      9.90      0.00      0.00     86.01
end------
                all      0.04      0.00      0.11      0.00      0.00     99.85
                all      0.12      0.00      0.44      0.00      0.00     99.44
                all      0.13      0.00      0.45      0.00      0.00     99.42
start----
                all      0.11      0.00      0.42      0.00      0.00     99.46
                all      2.39      0.00     29.46      0.08      0.00     68.07
                all      0.03      0.00     47.62      0.00      0.00     52.34
                all      0.05      0.00     48.06      0.00      0.00     51.89
                all      0.04      0.00     48.06      0.00      0.00     51.90
                all      0.23      0.00     46.19      0.00      0.00     53.58
                all      0.02      0.00     46.48      0.00      0.00     53.50
                all      0.01      0.00     46.36      0.00      0.00     53.63
                all      0.02      0.00     46.25      0.00      0.00     53.73
                all      4.84      0.00     40.26      0.00      0.00     54.90
                all      0.03      0.00      2.04      0.00      0.00     97.93
end------
                all      0.06      0.00      0.23      0.00      0.00     99.71
                all      0.13      0.00      0.44      0.00      0.00     99.44
                all      0.12      0.00      0.45      0.08      0.00     99.36
start----
                all      0.26      0.00      2.82      0.05      0.00     96.87
                all     12.32      0.00     47.99      0.14      0.00     39.55
                all      1.55      0.00     85.51      0.00      0.00     12.94
                all      4.44      0.00     71.05      0.00      0.00     24.51
                all      0.03      0.00      0.15      0.00      0.00     99.82
end------
                all      0.05      0.00      0.21      0.00      0.00     99.73
                all      0.11      0.00      0.45      0.00      0.00     99.43
                all      0.13      0.00      0.44      0.08      0.00     99.35
start----
                all      0.16      0.00      1.66      0.04      0.00     98.14
                all     11.52      0.00     42.69      0.10      0.00     45.69
                all      0.97      0.00     85.25      0.00      0.00     13.78
                all      4.77      0.00     71.37      0.00      0.00     23.87
                all      0.03      0.00      0.31      0.00      0.00     99.66
end------
                all      0.04      0.00      0.20      0.00      0.00     99.76
                all      0.12      0.00      0.45      0.00      0.00     99.43
                all      0.11      0.00      0.46      0.08      0.00     99.34
start----
                all      0.14      0.00      0.87      0.02      0.00     98.97
                all     13.30      0.00     44.42      0.16      0.00     42.12
                all      1.57      0.00     84.58      0.00      0.00     13.85
                all      4.85      0.00     76.51      0.00      0.00     18.63
                all      0.04      0.00      1.30      0.00      0.00     98.65
end------
                all      0.04      0.00      0.16      0.00      0.00     99.79
                all      0.11      0.00      0.45      0.00      0.00     99.44
                all      0.12      0.00      0.45      0.00      0.00     99.44
start----
                all      0.10      0.00      0.39      0.00      0.00     99.50
                all     10.26      0.00     44.15      0.34      0.00     45.26
                all      2.17      0.00     84.39      0.00      0.00     13.44
                all      0.05      0.00     87.51      0.00      0.00     12.44
                all      3.67      0.00     36.01      0.01      0.00     60.30
end------
                all      0.01      0.00      0.04      0.00      0.00     99.95
                all      0.12      0.00      0.45      0.00      0.00     99.43
                all      0.12      0.00      0.45      0.00      0.00     99.43
                all      0.13      0.00      0.43      0.00      0.00     99.44
start----
                all      6.09      0.00     24.13      0.50      0.00     69.29
                all     12.38      0.00     65.39      0.05      0.00     22.17
                all      0.75      0.00     85.51      0.00      0.00     13.74
                all      5.33      0.00     74.43      0.01      0.00     20.24
                all      0.03      0.00      0.84      0.00      0.00     99.12
end------
                all      0.07      0.00      0.27      0.00      0.00     99.66
                all      0.12      0.00      0.44      0.00      0.00     99.44
                all      0.11      0.00      0.45      0.08      0.00     99.36
start----
                all      0.62      0.00     11.91      0.05      0.00     87.43
                all     12.08      0.00     48.71      0.19      0.00     39.02
                all      0.63      0.00     86.33      0.00      0.00     13.04
                all      6.30      0.00     82.05      0.00      0.00     11.65
                all      0.09      0.00     19.72      0.00      0.00     80.19
end------
                all      0.01      0.00      0.06      0.00      0.00     99.93
                all      0.11      0.00      0.45      0.00      0.00     99.44
                all      0.13      0.00      0.44      0.08      0.00     99.35
                all      0.12      0.00      0.45      0.00      0.00     99.43
start----
                all      2.97      0.00     28.22      0.11      0.00     68.69
                all     18.36      0.00     66.02      0.32      0.00     15.30
                all      0.07      0.00     88.50      0.00      0.00     11.43
                all      1.82      0.00     83.16      0.00      0.00     15.02
                all      0.04      0.00     87.56      0.00      0.00     12.39
                all      0.05      0.00     87.44      0.00      0.00     12.51
                all      6.31      0.00     71.36      0.01      0.00     22.33
                all      0.03      0.00      0.16      0.00      0.00     99.80
end------
                all      0.05      0.00      0.20      0.00      0.00     99.76
                all      0.12      0.00      0.45      0.00      0.00     99.44
                all      0.13      0.00      0.44      0.07      0.00     99.35
start----
                all      0.14      0.00      0.97      0.04      0.00     98.85
                all     11.44      0.00     43.57      0.29      0.00     44.70
                all      0.12      0.00     87.99      0.00      0.00     11.90
                all      0.72      0.00     86.12      0.00      0.00     13.16
                all      0.05      0.00     87.53      0.00      0.00     12.42
                all      0.05      0.00     87.26      0.00      0.00     12.69
                all      4.89      0.00     36.78      0.00      0.00     58.33
                all      0.02      0.00      0.07      0.01      0.00     99.91
end------
                all      0.11      0.00      0.42      0.00      0.00     99.48
                all      0.12      0.00      0.44      0.00      0.00     99.44
                all      0.13      0.00      0.45      0.00      0.00     99.41
start----
                all      1.03      0.00     11.05      0.03      0.00     87.90
                all     13.71      0.00     63.23      0.20      0.00     22.86
                all      0.08      0.00     88.26      0.00      0.00     11.66
                all      1.74      0.00     84.36      0.00      0.00     13.89
                all      0.04      0.00     87.55      0.00      0.00     12.41
                all      0.03      0.00     87.46      0.00      0.00     12.51
                all      6.57      0.00     81.65      0.00      0.00     11.78
                all      0.07      0.00      8.66      0.00      0.00     91.27
end------
                all      0.04      0.00      0.14      0.00      0.00     99.82
                all      0.11      0.00      0.45      0.00      0.00     99.44
                all      0.14      0.00      0.53      0.00      0.00     99.33
start----
                all      0.11      0.00      0.41      0.00      0.00     99.47
                all      5.68      0.00     35.53      0.16      0.00     58.63
                all     10.69      0.00     74.67      0.08      0.00     14.56
                all      0.08      0.00     88.44      0.00      0.00     11.48
                all      0.08      0.00     88.87      0.00      0.00     11.06
                all      1.22      0.00     87.25      0.00      0.00     11.53
                all      0.04      0.00     87.68      0.00      0.00     12.27
                all      0.04      0.00     87.43      0.00      0.00     12.52
                all      0.04      0.00     87.66      0.00      0.00     12.29
                all      0.04      0.00     87.24      0.00      0.00     12.72
                all      0.04      0.00     87.27      0.00      0.00     12.68
                all      7.99      0.00     67.87      0.00      0.00     24.13
                all      0.03      0.00      0.17      0.00      0.00     99.79
end------
                all      0.05      0.00      0.21      0.00      0.00     99.74
                all      0.12      0.00      0.44      0.00      0.00     99.44
                all      0.12      0.00      0.45      0.08      0.00     99.35
start----
                all      0.14      0.00      0.92      0.03      0.00     98.91
                all     11.96      0.00     45.93      0.13      0.00     41.98
                all      0.11      0.00     87.89      0.00      0.00     12.00
                all      0.08      0.00     88.82      0.00      0.00     11.10
                all      0.74      0.00     86.92      0.00      0.00     12.34
                all      0.04      0.00     87.63      0.00      0.00     12.33
                all      0.04      0.00     87.50      0.00      0.00     12.45
                all      0.05      0.00     87.39      0.00      0.00     12.56
                all      0.04      0.00     87.21      0.00      0.00     12.75
                all      0.04      0.00     87.15      0.00      0.00     12.80
                all      8.77      0.00     55.61      0.00      0.00     35.62
                all      0.03      0.00      0.12      0.01      0.00     99.85
end------
                all      0.07      0.00      0.25      0.00      0.00     99.68
                all      0.13      0.00      0.44      0.00      0.00     99.44
                all      0.13      0.00      0.45      0.08      0.00     99.35
start----
                all      0.49      0.00      6.52      0.06      0.00     92.93
                all     12.63      0.00     48.26      0.17      0.00     38.94
                all      0.07      0.00     88.11      0.00      0.00     11.83
                all      0.07      0.00     88.77      0.00      0.00     11.16
                all      0.08      0.00     88.92      0.00      0.00     11.00
                all      2.35      0.00     83.07      0.00      0.00     14.57
                all      0.10      0.00     87.74      0.00      0.00     12.16
                all      0.06      0.00     87.43      0.00      0.00     12.51
                all      0.04      0.00     87.39      0.00      0.00     12.57
                all      0.04      0.00     87.19      0.00      0.00     12.77
                all      0.06      0.00     87.27      0.00      0.00     12.67
                all      7.26      0.00     41.83      0.00      0.00     50.91
                all      0.02      0.00      0.08      0.00      0.00     99.90
end------
                all      0.08      0.00      0.36      0.00      0.00     99.57
                all      0.12      0.00      0.45      0.00      0.00     99.43
                all      0.13      0.00      0.44      0.00      0.00     99.43
End of data collecting unexpected
