
Linux 5.2.8200225+ (knl03.kisti.re.kr) 	2020년 05월 26일 	_x86_64_	(272 CPU)

                CPU     %user     %nice   %system   %iowait    %steal     %idle
                all      0.04      0.00      0.11      0.00      0.00     99.86
                all      0.03      0.00      0.09      0.15      0.00     99.73
                all      0.02      0.00      0.07      0.36      0.00     99.55
                all      0.01      0.00      0.08      0.37      0.00     99.54
                all      0.02      0.00      0.10      0.32      0.00     99.56
                all      0.05      0.00      0.15      0.11      0.00     99.69
                all      0.03      0.00      0.12      0.00      0.00     99.85
                all      0.06      0.00      0.18      0.01      0.00     99.75
                all      0.07      0.00      0.14      0.00      0.00     99.80
                all      0.01      0.00      0.42      0.00      0.00     99.57
                all      0.02      0.00      0.10      0.00      0.00     99.88
                all      0.01      0.00      0.08      0.00      0.00     99.91
                all      0.01      0.00      0.07      0.00      0.00     99.92
start----
                all      0.28      0.00      1.88      0.02      0.00     97.83
                all      0.15      0.00      8.09      0.00      0.00     91.76
end------
                all      0.02      0.00      0.11      0.00      0.00     99.86
                all      0.11      0.00      0.46      0.00      0.00     99.43
                all      0.11      0.00      0.46      0.00      0.00     99.43
                all      0.11      0.00      0.46      0.00      0.00     99.43
start----
                all      0.39      0.00      8.14      0.02      0.00     91.44
                all      0.07      0.00      1.72      0.00      0.00     98.21
end------
                all      0.08      0.00      0.36      0.00      0.00     99.57
                all      0.11      0.00      0.46      0.00      0.00     99.42
                all      0.13      0.00      0.45      0.00      0.00     99.41
start----
                all      0.28      0.00      3.32      0.02      0.00     96.37
                all      0.23      0.00      6.94      0.00      0.00     92.82
end------
                all      0.03      0.00      0.11      0.00      0.00     99.87
                all      0.10      0.00      0.46      0.00      0.00     99.44
                all      0.10      0.00      0.47      0.00      0.00     99.42
start----
                all      0.10      0.00      0.43      0.00      0.00     99.47
                all      0.48      0.00      9.21      0.02      0.00     90.30
                all      0.12      0.00      9.59      0.01      0.00     90.28
end------
                all      0.01      0.00      0.03      0.00      0.00     99.96
                all      0.11      0.00      0.45      0.00      0.00     99.43
                all      0.11      0.00      0.46      0.06      0.00     99.38
                all      0.11      0.00      0.46      0.02      0.00     99.41
start----
                all      0.28      0.00      6.53      0.03      0.00     93.17
                all      0.15      0.00     11.75      0.00      0.00     88.10
                all      0.06      0.00      0.53      0.00      0.00     99.41
end------
                all      0.06      0.00      0.31      0.00      0.00     99.63
                all      0.11      0.00      0.46      0.00      0.00     99.42
                all      0.12      0.00      0.45      0.00      0.00     99.43
start----
                all      0.29      0.00      4.37      0.01      0.00     95.32
                all      0.23      0.00     11.67      0.00      0.00     88.10
                all      0.07      0.00      2.95      0.00      0.00     96.98
end------
                all      0.07      0.00      0.28      0.00      0.00     99.65
                all      0.11      0.00      0.46      0.00      0.00     99.43
                all      0.11      0.00      0.46      0.07      0.00     99.35
start----
                all      0.30      0.00      1.93      0.02      0.00     97.75
                all      0.06      0.00     12.02      0.00      0.00     87.93
                all      0.78      0.00     11.43      0.00      0.00     87.79
                all      0.02      0.00     11.87      0.00      0.00     88.11
                all      0.28      0.00      0.87      0.00      0.00     98.85
end------
                all      0.06      0.00      0.25      0.00      0.00     99.69
                all      0.12      0.00      0.46      0.00      0.00     99.42
                all      0.12      0.00      0.44      0.07      0.00     99.36
start----
                all      0.31      0.00      1.46      0.02      0.00     98.20
                all      0.07      0.00     12.00      0.00      0.00     87.93
                all      0.83      0.00     11.39      0.00      0.00     87.78
                all      0.02      0.00     11.87      0.00      0.00     88.11
                all      0.12      0.00      1.34      0.00      0.00     98.53
end------
                all      0.05      0.00      0.24      0.00      0.00     99.71
                all      0.11      0.00      0.45      0.00      0.00     99.44
                all      0.11      0.00      0.46      0.00      0.00     99.42
start----
                all      0.29      0.00      1.20      0.02      0.00     98.49
                all      0.06      0.00     11.96      0.00      0.00     87.98
                all      0.76      0.00     11.47      0.00      0.00     87.76
                all      0.01      0.00     11.88      0.00      0.00     88.10
                all      0.17      0.00      1.54      0.00      0.00     98.28
end------
                all      0.07      0.00      0.32      0.00      0.00     99.61
                all      0.11      0.00      0.46      0.00      0.00     99.43
                all      0.10      0.00      0.47      0.00      0.00     99.43
start----
                all      0.27      0.00      3.45      0.03      0.00     96.25
                all      0.06      0.00     12.07      0.00      0.00     87.87
                all      0.05      0.00     11.39      1.04      0.00     87.52
                all      0.03      0.00      3.00      9.17      0.00     87.80
                all      4.80      0.00      6.51      1.05      0.00     87.65
                all      0.35      0.00     11.74      0.00      0.00     87.92
                all      0.01      0.00     11.86      0.00      0.00     88.13
                all      0.01      0.00     11.87      0.00      0.00     88.11
                all      0.31      0.00      4.65      0.01      0.00     95.03
end------
                all      0.04      0.00      0.22      0.00      0.00     99.74
                all      0.11      0.00      0.45      0.00      0.00     99.44
                all      0.13      0.00      0.46      0.00      0.00     99.41
start----
                all      0.11      0.00      0.68      0.01      0.00     99.20
                all      0.30      0.00     11.35      0.01      0.00     88.33
                all      0.06      0.00     12.44      0.00      0.00     87.50
                all      0.03      0.00      4.49      7.73      0.00     87.75
                all      2.83      0.00      4.47      4.87      0.00     87.83
                all      0.57      0.00     11.63      0.00      0.00     87.80
                all      0.01      0.00     11.87      0.00      0.00     88.11
                all      0.01      0.00     11.87      0.00      0.00     88.12
                all      0.44      0.00      6.95      0.00      0.00     92.61
end------
                all      0.01      0.00      0.06      0.00      0.00     99.93
                all      0.10      0.00      0.47      0.00      0.00     99.43
                all      0.11      0.00      0.45      0.00      0.00     99.43
                all      0.11      0.00      0.45      0.00      0.00     99.44
start----
                all      0.25      0.00      6.56      0.02      0.00     93.18
                all      0.06      0.00     12.24      0.00      0.00     87.71
                all      0.05      0.00      8.56      3.76      0.00     87.63
                all      1.07      0.00      2.80      8.41      0.00     87.72
                all      3.74      0.00      8.30      0.24      0.00     87.71
                all      0.24      0.00     11.69      0.00      0.00     88.07
                all      0.02      0.00     11.89      0.00      0.00     88.09
                all      0.02      0.00     11.86      0.00      0.00     88.12
                all      0.38      0.00      2.24      0.01      0.00     97.37
end------
                all      0.05      0.00      0.19      0.00      0.00     99.76
                all      0.11      0.00      0.46      0.00      0.00     99.43
                all      0.11      0.00      0.46      0.00      0.00     99.43
start----
                all      0.11      0.00      0.54      0.02      0.00     99.33
                all      0.90      0.00     19.81      0.06      0.00     79.23
                all      0.02      0.00      0.05      0.00      0.00     99.93
end------
                all      0.09      0.00      0.42      0.00      0.00     99.49
                all      0.11      0.00      0.46      0.00      0.00     99.42
                all      0.11      0.00      0.46      0.00      0.00     99.43
start----
                all      0.74      0.00      9.33      0.06      0.00     89.87
                all      0.19      0.00     10.71      0.00      0.00     89.09
end------
                all      0.06      0.00      0.18      0.00      0.00     99.77
                all      0.20      0.00      0.57      0.01      0.00     99.22
                all      0.11      0.00      0.46      0.00      0.00     99.43
start----
                all      0.10      0.00      0.41      0.00      0.00     99.49
                all      0.83      0.00     19.61      0.04      0.00     79.51
                all      0.03      0.00      0.06      0.00      0.00     99.91
end------
                all      0.08      0.00      0.41      0.00      0.00     99.51
                all      0.11      0.00      0.46      0.00      0.00     99.43
                all      0.11      0.00      0.46      0.00      0.00     99.42
start----
                all      0.61      0.00      7.82      0.04      0.00     91.54
                all      0.31      0.00     23.37      0.00      0.00     76.32
                all      0.13      0.00      6.00      0.00      0.00     93.86
end------
                all      0.06      0.00      0.27      0.00      0.00     99.67
                all      0.11      0.00      0.45      0.00      0.00     99.44
                all      0.12      0.00      0.45      0.00      0.00     99.43
start----
                all      0.57      0.00      2.20      0.06      0.00     97.17
                all      0.34      0.00     23.27      0.00      0.00     76.40
                all      0.13      0.00     11.84      0.00      0.00     88.03
end------
                all      0.03      0.00      0.16      0.00      0.00     99.81
                all      0.11      0.00      0.46      0.00      0.00     99.43
                all      0.11      0.00      0.46      0.00      0.00     99.43
start----
                all      0.10      0.00      0.41      0.00      0.00     99.48
                all      0.88      0.00     19.05      0.05      0.00     80.02
                all      0.17      0.00     17.89      0.00      0.00     81.94
end------
                all      0.01      0.00      0.04      0.00      0.00     99.95
                all      0.09      0.00      0.48      0.00      0.00     99.43
                all      0.12      0.00      0.46      0.00      0.00     99.42
                all      0.11      0.00      0.46      0.00      0.00     99.43
start----
                all      0.63      0.00     13.47      0.13      0.00     85.77
                all      1.12      0.00     23.17      0.00      0.00     75.71
                all      0.44      0.00     23.30      0.00      0.00     76.26
                all      0.18      0.00     14.90      0.00      0.00     84.92
end------
                all      0.02      0.00      0.09      0.00      0.00     99.89
                all      0.09      0.00      0.47      0.00      0.00     99.44
                all      0.12      0.00      0.45      0.08      0.00     99.35
start----
                all      0.12      0.00      0.45      0.00      0.00     99.43
                all      0.59      0.00     15.88      0.05      0.00     83.48
                all      0.52      0.00     23.32      0.01      0.00     76.14
                all      0.01      0.00     23.69      0.00      0.00     76.29
                all      0.52      0.00     10.43      0.01      0.00     89.04
end------
                all      0.01      0.00      0.07      0.00      0.00     99.91
                all      0.11      0.00      0.45      0.00      0.00     99.44
                all      0.11      0.00      0.46      0.08      0.00     99.35
                all      0.11      0.00      0.46      0.00      0.00     99.43
start----
                all      0.58      0.00     15.51      0.03      0.00     83.88
                all      0.48      0.00     23.66      0.01      0.00     75.84
                all      0.03      0.00     23.71      0.00      0.00     76.27
                all      0.26      0.00     10.24      0.00      0.00     89.49
end------
                all      0.05      0.00      0.21      0.00      0.00     99.74
                all      0.12      0.00      0.45      0.00      0.00     99.43
                all      0.10      0.00      0.48      0.00      0.00     99.42
start----
                all      0.11      0.00      0.39      0.00      0.00     99.49
                all      0.55      0.00     20.33      0.05      0.00     79.07
                all      0.05      0.00     24.23      0.00      0.00     75.72
                all      1.77      0.00     14.57      7.77      0.00     75.89
                all      0.39      0.00     23.60      0.00      0.00     76.00
                all      0.02      0.00     23.70      0.00      0.00     76.28
                all      0.02      0.00     23.67      0.00      0.00     76.31
                all      0.40      0.00     16.68      0.00      0.00     82.91
end------
                all      0.01      0.00      0.07      0.00      0.00     99.91
                all      0.12      0.00      0.46      0.00      0.00     99.41
                all      0.11      0.00      0.46      0.00      0.00     99.44
                all      0.11      0.00      0.46      0.00      0.00     99.44
start----
                all      0.61      0.00     14.13      0.05      0.00     85.22
                all      0.05      0.00     24.09      0.00      0.00     75.86
                all      0.04      0.00     18.01      6.12      0.00     75.83
                all      7.35      0.00     12.96      3.91      0.00     75.77
                all      0.79      0.00     23.12      0.00      0.00     76.09
                all      0.01      0.00     23.69      0.00      0.00     76.30
                all      0.01      0.00     23.69      0.00      0.00     76.30
                all      0.45      0.00      9.90      0.00      0.00     89.64
end------
                all      0.01      0.00      0.07      0.00      0.00     99.92
                all      0.11      0.00      0.45      0.00      0.00     99.44
                all      0.11      0.00      0.46      0.08      0.00     99.35
start----
                all      0.11      0.00      0.45      0.00      0.00     99.44
                all      0.57      0.00     15.81      0.03      0.00     83.59
                all      0.06      0.00     24.15      0.00      0.00     75.79
                all      0.04      0.00     16.07      8.01      0.00     75.88
                all      7.11      0.00     14.79      2.19      0.00     75.91
                all      0.36      0.00     23.44      0.02      0.00     76.18
                all      0.01      0.00     23.70      0.00      0.00     76.29
                all      0.02      0.00     23.69      0.00      0.00     76.29
                all      0.27      0.00      6.28      0.00      0.00     93.45
end------
                all      0.04      0.00      0.17      0.00      0.00     99.79
                all      0.11      0.00      0.46      0.00      0.00     99.43
                all      0.11      0.00      0.46      0.00      0.00     99.43
start----
                all      0.11      0.00      0.42      0.01      0.00     99.47
                all      2.21      0.00     34.51      0.05      0.00     63.23
                all      0.53      0.00     18.59      0.01      0.00     80.88
end------
                all      0.06      0.00      0.25      0.00      0.00     99.69
                all      0.12      0.00      0.45      0.00      0.00     99.43
                all      0.11      0.00      0.45      0.00      0.00     99.43
start----
                all      0.11      0.00      0.40      0.00      0.00     99.48
                all      2.24      0.00     34.37      0.06      0.00     63.33
                all      0.56      0.00     18.35      0.00      0.00     81.10
end------
                all      0.04      0.00      0.17      0.00      0.00     99.80
                all      0.12      0.00      0.46      0.00      0.00     99.42
                all      0.11      0.00      0.45      0.00      0.00     99.43
start----
                all      0.11      0.00      0.40      0.01      0.00     99.48
                all      2.38      0.00     33.85      0.09      0.00     63.68
                all      0.61      0.00     18.76      0.01      0.00     80.62
end------
                all      0.04      0.00      0.17      0.00      0.00     99.79
                all      0.12      0.00      0.45      0.00      0.00     99.43
                all      0.11      0.00      0.46      0.00      0.00     99.42
start----
                all      0.09      0.00      0.42      0.00      0.00     99.48
                all      1.81      0.00     33.53      0.06      0.00     64.60
                all      0.63      0.00     45.70      0.00      0.00     53.67
                all      0.55      0.00     16.54      0.00      0.00     82.91
end------
                all      0.02      0.00      0.11      0.00      0.00     99.87
                all      0.12      0.00      0.45      0.00      0.00     99.43
                all      0.11      0.00      0.46      0.00      0.00     99.42
start----
                all      0.11      0.00      0.45      0.00      0.00     99.43
                all      2.03      0.00     26.13      0.06      0.00     71.78
                all      0.57      0.00     45.94      0.00      0.00     53.49
                all      0.60      0.00     24.76      0.00      0.00     74.64
end------
                all      0.01      0.00      0.03      0.00      0.00     99.96
                all      0.11      0.00      0.44      0.00      0.00     99.45
                all      0.11      0.00      0.46      0.04      0.00     99.38
                all      0.13      0.00      0.44      0.03      0.00     99.40
start----
                all      2.05      0.00     18.74      0.06      0.00     79.16
                all      0.58      0.00     46.03      0.00      0.00     53.38
                all      0.60      0.00     31.47      0.00      0.00     67.93
end------
                all      0.00      0.00      0.03      0.00      0.00     99.97
                all      0.12      0.00      0.45      0.00      0.00     99.43
                all      0.12      0.00      0.45      0.06      0.00     99.37
                all      0.11      0.00      0.46      0.00      0.00     99.42
start----
                all      1.82      0.00     22.59      0.08      0.00     75.51
                all      0.05      0.00     47.51      0.00      0.00     52.44
                all      0.76      0.00     44.85      0.05      0.00     54.33
                all      0.01      0.00     46.26      0.00      0.00     53.73
                all      1.58      0.00     23.32      0.00      0.00     75.10
end------
                all      0.01      0.00      0.03      0.00      0.00     99.96
                all      0.11      0.00      0.43      0.00      0.00     99.46
                all      0.12      0.00      0.45      0.05      0.00     99.38
                all      0.11      0.00      0.45      0.03      0.00     99.40
start----
                all      2.10      0.00     17.94      0.06      0.00     79.91
                all      0.06      0.00     47.48      0.00      0.00     52.47
                all      0.82      0.00     45.02      0.03      0.00     54.13
                all      0.02      0.00     46.25      0.00      0.00     53.74
                all      1.63      0.00     27.04      0.00      0.00     71.33
                all      0.01      0.00      0.05      0.00      0.00     99.94
end------
                all      0.11      0.00      0.42      0.00      0.00     99.47
                all      0.12      0.00      0.44      0.02      0.00     99.42
                all      0.12      0.00      0.45      0.06      0.00     99.37
start----
                all      1.78      0.00     16.33      0.04      0.00     81.85
                all      0.04      0.00     47.47      0.00      0.00     52.48
                all      0.65      0.00     45.31      0.02      0.00     54.02
                all      0.02      0.00     46.27      0.00      0.00     53.71
                all      1.57      0.00     27.20      0.00      0.00     71.23
end------
                all      0.02      0.00      0.09      0.01      0.00     99.88
                all      0.12      0.00      0.49      0.00      0.00     99.39
                all      0.13      0.00      0.45      0.00      0.00     99.43
                all      0.12      0.00      0.45      0.00      0.00     99.43
start----
                all      2.05      0.00     14.44      0.08      0.00     83.43
                all      0.05      0.00     47.43      0.00      0.00     52.53
                all      0.05      0.00     47.76      0.00      0.00     52.19
                all      0.77      0.00     47.08      0.00      0.00     52.15
                all      0.55      0.00     45.97      0.04      0.00     53.43
                all      0.02      0.00     46.27      0.00      0.00     53.71
                all      0.01      0.00     46.25      0.00      0.00     53.74
                all      0.02      0.00     46.19      0.00      0.00     53.79
                all      0.90      0.00     30.30      0.00      0.00     68.79
                all      0.03      0.00      0.07      0.00      0.00     99.90
end------
                all      0.11      0.00      0.38      0.00      0.00     99.52
                all      0.12      0.00      0.45      0.00      0.00     99.43
                all      0.11      0.00      0.46      0.00      0.00     99.42
start----
                all      1.96      0.00     10.71      0.05      0.00     87.28
                all      0.04      0.00     47.40      0.00      0.00     52.56
                all      0.04      0.00     47.75      0.00      0.00     52.20
                all      0.80      0.00     47.02      0.00      0.00     52.18
                all      0.57      0.00     45.64      0.01      0.00     53.78
                all      0.02      0.00     46.27      0.00      0.00     53.71
                all      0.02      0.00     46.26      0.00      0.00     53.72
                all      0.02      0.00     46.17      0.00      0.00     53.81
                all      1.43      0.00     34.84      0.00      0.00     63.73
                all      0.02      0.00      0.07      0.00      0.00     99.91
end------
                all      0.08      0.00      0.35      0.00      0.00     99.57
                all      0.12      0.00      0.45      0.00      0.00     99.43
                all      0.12      0.00      0.45      0.08      0.00     99.35
start----
                all      1.53      0.00      8.32      0.09      0.00     90.07
                all      0.60      0.00     46.06      0.01      0.00     53.34
                all      0.05      0.00     47.78      0.00      0.00     52.17
                all      0.14      0.00     47.66      0.00      0.00     52.20
                all      1.15      0.00     45.97      0.04      0.00     52.84
                all      0.02      0.00     46.26      0.00      0.00     53.72
                all      0.02      0.00     46.24      0.00      0.00     53.75
                all      0.03      0.00     46.23      0.00      0.00     53.74
                all      0.81      0.00     40.53      0.00      0.00     58.66
                all      0.03      0.00      0.06      0.00      0.00     99.92
end------
                all      0.10      0.00      0.40      0.00      0.00     99.50
                all      0.13      0.00      0.44      0.00      0.00     99.43
                all      0.13      0.00      0.44      0.00      0.00     99.43
start----
                all      1.04      0.00     10.74      0.05      0.00     88.16
                all      9.01      0.00     74.47      0.09      0.00     16.43
                all      8.78      0.00     77.53      0.00      0.00     13.69
                all      0.07      0.00      5.43      0.00      0.00     94.50
end------
                all      0.05      0.00      0.20      0.00      0.00     99.74
                all      0.11      0.00      0.46      0.00      0.00     99.42
                all      0.11      0.00      0.46      0.00      0.00     99.43
start----
                all      0.12      0.00      0.49      0.01      0.00     99.38
                all      7.91      0.00     48.51      0.14      0.00     43.44
                all      3.16      0.00     87.87      0.00      0.00      8.97
                all      4.81      0.00     31.70      0.00      0.00     63.49
end------
                all      0.01      0.00      0.03      0.00      0.00     99.96
                all      0.13      0.00      0.43      0.00      0.00     99.44
                all      0.12      0.00      0.45      0.04      0.00     99.40
                all      0.12      0.00      0.46      0.04      0.00     99.38
start----
                all      2.73      0.00     25.15      0.34      0.00     71.78
                all      8.03      0.00     75.81      0.03      0.00     16.13
                all      6.35      0.00     69.31      0.00      0.00     24.34
                all      0.06      0.00      1.33      0.00      0.00     98.60
end------
                all      0.06      0.00      0.28      0.00      0.00     99.65
                all      0.13      0.00      0.44      0.00      0.00     99.43
                all      0.12      0.00      0.45      0.00      0.00     99.42
start----
                all      0.57      0.00      8.41      0.03      0.00     91.00
                all      7.73      0.00     56.36      0.10      0.00     35.81
                all      2.91      0.00     91.03      0.00      0.00      6.06
                all      0.05      0.00     87.43      0.00      0.00     12.52
                all      4.98      0.00     43.38      0.00      0.00     51.64
                all      0.03      0.00      0.06      0.00      0.00     99.91
end------
                all      0.11      0.00      0.41      0.00      0.00     99.48
                all      0.13      0.00      0.44      0.00      0.00     99.43
                all      0.14      0.00      0.44      0.00      0.00     99.43
start----
                all      1.07      0.00      9.82      0.03      0.00     89.08
                all      6.78      0.00     77.38      0.15      0.00     15.68
                all      3.41      0.00     88.44      0.00      0.00      8.15
                all      0.10      0.00     87.32      0.00      0.00     12.58
                all      5.34      0.00     24.36      0.00      0.00     70.29
                all      0.02      0.00      0.06      0.00      0.00     99.92
end------
                all      0.10      0.00      0.41      0.00      0.00     99.50
                all      0.13      0.00      0.45      0.00      0.00     99.43
                all      0.13      0.00      0.45      0.00      0.00     99.42
start----
                all      2.57      0.00     11.30      0.12      0.00     86.01
                all      5.12      0.00     80.82      0.03      0.00     14.04
                all      3.51      0.00     88.29      0.00      0.00      8.20
                all      0.16      0.00     87.19      0.00      0.00     12.65
                all      3.73      0.00     21.95      0.00      0.00     74.32
end------
                all      0.01      0.00      0.04      0.00      0.00     99.94
                all      0.13      0.00      0.42      0.00      0.00     99.46
                all      0.13      0.00      0.45      0.02      0.00     99.41
                all      0.13      0.00      0.46      0.06      0.00     99.35
start----
                all      2.69      0.00     18.64      0.24      0.00     78.43
                all      5.12      0.00     81.87      0.05      0.00     12.95
                all      0.05      0.00     94.67      0.00      0.00      5.28
                all      3.75      0.00     88.39      0.00      0.00      7.86
                all      0.05      0.00     87.24      0.00      0.00     12.70
                all      0.05      0.00     87.34      0.00      0.00     12.60
                all      6.58      0.00     70.53      0.00      0.00     22.89
                all      0.04      0.00      1.48      0.00      0.00     98.48
end------
                all      0.07      0.00      0.26      0.00      0.00     99.67
                all      0.13      0.00      0.44      0.00      0.00     99.44
                all      0.12      0.00      0.45      0.00      0.00     99.42
start----
                all      0.58      0.00      6.10      0.04      0.00     93.28
                all      7.18      0.00     57.92      0.12      0.00     34.78
                all      0.04      0.00     94.48      0.00      0.00      5.47
                all      4.56      0.00     90.12      0.00      0.00      5.32
                all      1.70      0.00     85.86      0.00      0.00     12.44
                all      0.05      0.00     87.32      0.00      0.00     12.63
                all      0.19      0.00     87.18      0.00      0.00     12.63
                all      4.23      0.00     20.77      0.00      0.00     75.00
end------
                all      0.02      0.00      0.09      0.00      0.00     99.89
                all      0.13      0.00      0.44      0.00      0.00     99.43
                all      0.13      0.00      0.44      0.00      0.00     99.42
start----
                all      0.13      0.00      0.44      0.00      0.00     99.43
                all      4.04      0.00     32.36      0.14      0.00     63.46
                all      5.18      0.00     87.97      0.08      0.00      6.77
                all      0.06      0.00     94.74      0.00      0.00      5.20
                all      4.69      0.00     85.34      0.01      0.00      9.96
                all      0.05      0.00     87.21      0.00      0.00     12.73
                all      0.04      0.00     87.23      0.00      0.00     12.73
                all      5.94      0.00     49.95      0.00      0.00     44.11
                all      0.02      0.00      0.11      0.00      0.00     99.87
end------
                all      0.10      0.00      0.35      0.00      0.00     99.55
                all      0.13      0.00      0.44      0.00      0.00     99.43
                all      0.13      0.00      0.45      0.00      0.00     99.42
start----
                all      1.01      0.00     10.68      0.04      0.00     88.28
                all      7.50      0.00     69.37      0.07      0.00     23.07
                all      0.04      0.00     94.58      0.00      0.00      5.37
                all      0.04      0.00     94.82      0.00      0.00      5.14
                all      0.04      0.00     94.84      0.00      0.00      5.12
                all      2.46      0.00     92.42      0.00      0.00      5.13
                all      2.47      0.00     87.78      0.00      0.00      9.75
                all      0.05      0.00     87.37      0.00      0.00     12.58
                all      0.04      0.00     87.09      0.00      0.00     12.88
                all      0.04      0.00     87.31      0.00      0.00     12.65
                all      0.04      0.00     87.18      0.00      0.00     12.78
                all      0.05      0.00     87.32      0.00      0.00     12.62
                all      5.71      0.00     46.09      0.00      0.00     48.20
                all      0.03      0.00      0.09      0.01      0.00     99.87
end------
                all      0.07      0.00      0.30      0.00      0.00     99.63
                all      0.13      0.00      0.44      0.00      0.00     99.43
                all      0.13      0.00      0.44      0.00      0.00     99.42
start----
                all      0.45      0.00      6.56      0.35      0.00     92.64
                all      9.41      0.00     56.23      0.08      0.00     34.28
                all      0.05      0.00     94.49      0.00      0.00      5.46
                all      0.04      0.00     94.87      0.00      0.00      5.09
                all      0.04      0.00     94.87      0.00      0.00      5.08
                all      1.26      0.00     93.59      0.00      0.00      5.15
                all      3.94      0.00     88.25      0.00      0.00      7.80
                all      0.05      0.00     87.31      0.00      0.00     12.64
                all      0.11      0.00     87.16      0.00      0.00     12.73
                all      0.06      0.00     87.26      0.00      0.00     12.68
                all      0.05      0.00     87.01      0.00      0.00     12.94
                all      0.04      0.00     87.29      0.00      0.00     12.67
                all      7.46      0.00     76.81      0.00      0.00     15.73
                all      0.05      0.00      3.60      0.00      0.00     96.35
end------
                all      0.03      0.00      0.14      0.00      0.00     99.83
                all      0.14      0.00      0.43      0.00      0.00     99.43
                all      0.13      0.00      0.44      0.00      0.00     99.42
start----
                all      0.12      0.00      0.40      0.00      0.00     99.48
                all      6.97      0.00     37.45      0.27      0.00     55.31
                all      2.63      0.00     89.08      0.01      0.00      8.29
                all      0.04      0.00     94.77      0.00      0.00      5.18
                all      0.05      0.00     94.85      0.00      0.00      5.10
                all      0.05      0.00     94.85      0.00      0.00      5.10
                all      4.11      0.00     89.12      0.00      0.00      6.76
                all      0.05      0.00     87.52      0.00      0.00     12.43
                all      0.05      0.00     87.29      0.00      0.00     12.65
                all      0.03      0.00     87.23      0.00      0.00     12.74
                all      0.04      0.00     87.33      0.00      0.00     12.63
                all      0.04      0.00     87.32      0.00      0.00     12.64
                all      5.75      0.00     82.41      0.00      0.00     11.84
                all      1.27      0.00     14.22      0.00      0.00     84.52
end------
                all      0.01      0.00      0.05      0.00      0.00     99.94
                all      0.13      0.00      0.43      0.00      0.00     99.44
                all      0.13      0.00      0.44      0.07      0.00     99.37
                all      0.14      0.00      0.44      0.01      0.00     99.42
End of data collecting unexpected
