
Linux 5.2.8200225+ (knl03.kisti.re.kr) 	2020년 04월 15일 	_x86_64_	(272 CPU)

                CPU     %user     %nice   %system   %iowait    %steal     %idle
                all      0.03      0.00      0.09      0.00      0.00     99.88
                all      0.02      0.00      0.08      0.15      0.00     99.74
                all      0.01      0.00      0.07      0.36      0.00     99.55
                all      0.01      0.00      0.07      0.37      0.00     99.55
                all      0.01      0.00      0.08      0.35      0.00     99.55
                all      0.02      0.00      0.14      0.25      0.00     99.59
                all      0.02      0.00      0.10      0.06      0.00     99.82
                all      0.04      0.00      0.13      0.00      0.00     99.83
                all      0.08      0.00      0.18      0.08      0.00     99.67
                all      0.05      0.00      0.22      0.01      0.00     99.71
                all      0.01      0.00      0.07      0.00      0.00     99.91
                all      0.01      0.00      0.07      0.00      0.00     99.92
start----
                all      0.02      0.00      0.09      0.00      0.00     99.89
                all      0.32      0.00      8.68      0.02      0.00     90.98
                all      0.07      0.00      1.19      0.00      0.00     98.74
                all      0.01      0.00      0.07      0.00      0.00     99.91
                all      0.02      0.00      0.07      0.00      0.00     99.91
                all      0.01      0.00      0.08      0.07      0.00     99.84
                all      0.28      0.00      3.77      0.02      0.00     95.93
                all      0.11      0.00      6.25      0.00      0.00     93.64
end------
                all      0.04      0.00      0.19      0.00      0.00     99.77
                all      0.11      0.00      0.45      0.00      0.00     99.44
                all      0.11      0.00      0.46      0.00      0.00     99.42
start----
                all      0.10      0.00      0.42      0.00      0.00     99.47
                all      0.35      0.00      9.83      0.01      0.00     89.81
end------
                all      0.01      0.00      0.06      0.01      0.00     99.92
                all      0.10      0.00      0.41      0.00      0.00     99.48
                all      0.11      0.00      0.47      0.00      0.00     99.42
                all      0.12      0.00      0.45      0.00      0.00     99.43
start----
                all      0.32      0.00      5.49      0.01      0.00     94.17
                all      0.16      0.00     11.73      0.00      0.00     88.11
                all      0.07      0.00      1.97      0.00      0.00     97.95
end------
                all      0.07      0.00      0.34      0.00      0.00     99.59
                all      0.11      0.00      0.45      0.00      0.00     99.44
                all      0.12      0.00      0.46      0.08      0.00     99.34
start----
                all      0.31      0.00      3.11      0.03      0.00     96.55
                all      0.20      0.00     11.69      0.00      0.00     88.12
                all      0.07      0.00      4.41      0.01      0.00     95.51
end------
                all      0.05      0.00      0.23      0.00      0.00     99.72
                all      0.12      0.00      0.45      0.00      0.00     99.43
                all      0.11      0.00      0.46      0.07      0.00     99.35
start----
                all      0.19      0.00      0.84      0.03      0.00     98.94
                all      0.23      0.00     11.56      0.00      0.00     88.21
                all      0.07      0.00      6.76      0.00      0.00     93.16
end------
                all      0.03      0.00      0.14      0.00      0.00     99.83
                all      0.12      0.00      0.46      0.00      0.00     99.42
                all      0.11      0.00      0.46      0.07      0.00     99.35
start----
                all      0.11      0.00      0.42      0.00      0.00     99.47
                all      0.28      0.00      9.85      0.03      0.00     89.85
                all      0.07      0.00     12.22      0.00      0.00     87.71
                all      0.01      0.00     11.88      0.00      0.00     88.11
                all      0.09      0.00      3.95      0.00      0.00     95.96
end------
                all      0.06      0.00      0.28      0.00      0.00     99.66
                all      0.12      0.00      0.45      0.00      0.00     99.43
                all      0.13      0.00      0.45      0.00      0.00     99.42
start----
                all      0.32      0.00      1.23      0.01      0.00     98.43
                all      0.05      0.00     11.92      0.00      0.00     88.02
                all      0.13      0.00     12.09      0.00      0.00     87.78
                all      0.01      0.00     11.88      0.00      0.00     88.11
                all      0.09      0.00      1.24      0.00      0.00     98.67
end------
                all      0.09      0.00      0.38      0.00      0.00     99.53
                all      0.12      0.00      0.45      0.00      0.00     99.43
                all      0.11      0.00      0.46      0.00      0.00     99.42
start----
                all      0.34      0.00      3.69      0.03      0.00     95.95
                all      0.05      0.00     12.07      0.00      0.00     87.88
                all      0.09      0.00     11.97      0.00      0.00     87.94
                all      0.14      0.00     10.40      0.00      0.00     89.46
end------
                all      0.01      0.00      0.04      0.00      0.00     99.95
                all      0.11      0.00      0.46      0.00      0.00     99.43
                all      0.12      0.00      0.46      0.00      0.00     99.42
                all      0.11      0.00      0.46      0.00      0.00     99.43
start----
                all      0.27      0.00      6.37      0.03      0.00     93.33
                all      0.05      0.00     12.22      0.00      0.00     87.74
                all      0.05      0.00     12.45      0.00      0.00     87.50
                all      0.70      0.00      6.24      5.40      0.00     87.66
                all      1.36      0.00     10.58      0.06      0.00     88.00
                all      0.01      0.00     11.87      0.00      0.00     88.12
                all      0.02      0.00     11.88      0.00      0.00     88.10
                all      0.52      0.00      5.08      0.00      0.00     94.40
end------
                all      0.07      0.00      0.28      0.00      0.00     99.64
                all      0.12      0.00      0.45      0.00      0.00     99.43
                all      0.11      0.00      0.46      0.00      0.00     99.43
start----
                all      0.11      0.00      0.41      0.00      0.00     99.48
                all      0.28      0.00     10.68      0.01      0.00     89.02
                all      0.05      0.00     12.44      0.00      0.00     87.51
                all      0.04      0.00     10.26      2.16      0.00     87.54
                all      1.53      0.00      3.24      7.48      0.00     87.74
                all      0.02      0.00     11.92      0.00      0.00     88.06
                all      0.01      0.00     11.87      0.00      0.00     88.11
                all      0.02      0.00     11.89      0.00      0.00     88.08
                all      0.22      0.00      2.97      0.00      0.00     96.81
end------
                all      0.06      0.00      0.26      0.00      0.00     99.68
                all      0.13      0.00      0.45      0.00      0.00     99.43
                all      0.12      0.00      0.46      0.07      0.00     99.35
start----
                all      0.34      0.00      1.36      0.02      0.00     98.29
                all      0.05      0.00     11.95      0.00      0.00     88.00
                all      0.05      0.00     12.45      0.00      0.00     87.50
                all      0.04      0.00      8.46      3.93      0.00     87.56
                all      2.57      0.00      3.12      6.57      0.00     87.75
                all      0.35      0.00     11.56      0.01      0.00     88.08
                all      0.02      0.00     11.88      0.00      0.00     88.10
                all      0.01      0.00     11.87      0.00      0.00     88.11
                all      0.19      0.00      3.84      0.00      0.00     95.97
end------
                all      0.03      0.00      0.14      0.00      0.00     99.83
                all      0.11      0.00      0.46      0.00      0.00     99.43
                all      0.11      0.00      0.46      0.07      0.00     99.35
start----
                all      0.10      0.00      0.41      0.00      0.00     99.48
                all      0.73      0.00     19.10      0.10      0.00     80.07
                all      0.15      0.00      1.24      0.00      0.00     98.60
end------
                all      0.09      0.00      0.36      0.00      0.00     99.56
                all      0.12      0.00      0.45      0.00      0.00     99.43
                all      0.13      0.00      0.45      0.00      0.00     99.43
start----
                all      0.76      0.00      7.13      0.06      0.00     92.06
                all      0.19      0.00     12.84      0.00      0.00     86.97
end------
                all      0.03      0.00      0.14      0.00      0.00     99.83
                all      0.13      0.00      0.45      0.00      0.00     99.42
                all      0.11      0.00      0.46      0.00      0.00     99.43
start----
                all      0.10      0.00      0.43      0.00      0.00     99.46
                all      0.73      0.00     18.46      0.04      0.00     80.77
                all      0.13      0.00      1.51      0.00      0.00     98.36
end------
                all      0.09      0.00      0.35      0.00      0.00     99.56
                all      0.13      0.00      0.45      0.00      0.00     99.43
                all      0.11      0.00      0.46      0.08      0.00     99.35
start----
                all      0.68      0.00      6.68      0.04      0.00     92.60
                all      0.15      0.00     23.54      0.00      0.00     76.31
                all      0.14      0.00      7.52      0.00      0.00     92.34
end------
                all      0.07      0.00      0.25      0.00      0.00     99.68
                all      0.12      0.00      0.46      0.00      0.00     99.42
                all      0.11      0.00      0.46      0.00      0.00     99.43
start----
                all      0.25      0.00      1.56      0.08      0.00     98.10
                all      0.64      0.00     22.58      0.01      0.00     76.77
                all      0.14      0.00     13.95      0.00      0.00     85.90
end------
                all      0.03      0.00      0.14      0.00      0.00     99.83
                all      0.12      0.00      0.45      0.00      0.00     99.43
                all      0.11      0.00      0.46      0.00      0.00     99.43
start----
                all      0.10      0.00      0.42      0.00      0.00     99.47
                all      0.63      0.00     17.58      0.06      0.00     81.72
                all      0.24      0.00     20.05      0.01      0.00     79.70
end------
                all      0.00      0.00      0.04      0.00      0.00     99.96
                all      0.12      0.00      0.45      0.00      0.00     99.43
                all      0.12      0.00      0.54      0.00      0.00     99.34
                all      0.11      0.00      0.46      0.00      0.00     99.43
start----
                all      0.66      0.00     11.72      0.10      0.00     87.51
                all      0.20      0.00     23.85      0.00      0.00     75.95
                all      0.53      0.00     23.13      0.00      0.00     76.34
                all      0.19      0.00     15.28      0.00      0.00     84.53
end------
                all      0.00      0.00      0.04      0.00      0.00     99.95
                all      0.11      0.00      0.44      0.00      0.00     99.45
                all      0.13      0.00      0.45      0.03      0.00     99.39
                all      0.10      0.00      0.46      0.04      0.00     99.39
start----
                all      0.65      0.00     11.31      0.03      0.00     88.00
                all      0.05      0.00     24.00      0.00      0.00     75.95
                all      0.35      0.00     23.35      0.00      0.00     76.30
                all      0.36      0.00     15.55      0.00      0.00     84.09
end------
                all      0.01      0.00      0.04      0.00      0.00     99.95
                all      0.11      0.00      0.44      0.00      0.00     99.45
                all      0.11      0.00      0.45      0.00      0.00     99.44
                all      0.11      0.00      0.46      0.00      0.00     99.42
start----
                all      0.78      0.00     11.07      0.04      0.00     88.11
                all      0.05      0.00     24.02      0.00      0.00     75.94
                all      0.69      0.00     23.04      0.00      0.00     76.28
                all      0.18      0.00     16.09      0.00      0.00     83.73
end------
                all      0.02      0.00      0.10      0.00      0.00     99.88
                all      0.11      0.00      0.45      0.00      0.00     99.44
                all      0.11      0.00      0.46      0.00      0.00     99.43
                all      0.11      0.00      0.45      0.00      0.00     99.44
start----
                all      0.78      0.00     15.05      0.06      0.00     84.12
                all      0.05      0.00     24.12      0.00      0.00     75.83
                all      0.05      0.00     24.25      0.00      0.00     75.70
                all      7.81      0.00     10.83      5.14      0.00     76.22
                all      0.02      0.00     23.75      0.00      0.00     76.23
                all      0.02      0.00     23.70      0.00      0.00     76.27
                all      0.02      0.00     23.70      0.00      0.00     76.28
                all      0.81      0.00      3.58      0.01      0.00     95.61
end------
                all      0.07      0.00      0.30      0.00      0.00     99.63
                all      0.12      0.00      0.45      0.00      0.00     99.43
                all      0.11      0.00      0.46      0.00      0.00     99.43
start----
                all      0.70      0.00      3.83      0.06      0.00     95.40
                all      0.04      0.00     23.82      0.00      0.00     76.13
                all      0.04      0.00     24.27      0.00      0.00     75.69
                all      2.01      0.00     18.79      3.44      0.00     75.76
                all      0.30      0.00     23.48      0.00      0.00     76.22
                all      0.02      0.00     23.70      0.00      0.00     76.28
                all      0.02      0.00     23.69      0.00      0.00     76.29
                all      0.52      0.00      6.81      0.00      0.00     92.67
end------
                all      0.05      0.00      0.23      0.00      0.00     99.72
                all      0.11      0.00      0.46      0.00      0.00     99.43
                all      0.12      0.00      0.46      0.07      0.00     99.34
start----
                all      0.30      0.00      1.67      0.04      0.00     97.98
                all      0.50      0.00     23.03      0.01      0.00     76.46
                all      0.05      0.00     24.24      0.00      0.00     75.71
                all      0.18      0.00     19.43      4.61      0.00     75.77
                all      4.72      0.00     18.66      0.24      0.00     76.38
                all      0.02      0.00     23.70      0.00      0.00     76.28
                all      0.01      0.00     23.70      0.00      0.00     76.28
                all      0.79      0.00     13.73      0.01      0.00     85.47
end------
                all      0.00      0.00      0.03      0.00      0.00     99.97
                all      0.13      0.00      0.45      0.00      0.00     99.42
                all      0.11      0.00      0.46      0.00      0.00     99.43
                all      0.11      0.00      0.45      0.00      0.00     99.44
start----
                all      2.32      0.00     19.62      0.07      0.00     77.99
                all      0.64      0.00     32.72      0.00      0.00     66.63
end------
                all      0.01      0.00      0.06      0.00      0.00     99.93
                all      0.11      0.00      0.46      0.00      0.00     99.44
                all      0.12      0.00      0.45      0.00      0.00     99.43
                all      0.11      0.00      0.45      0.00      0.00     99.44
start----
                all      2.09      0.00     20.14      0.07      0.00     77.69
                all      0.64      0.00     31.58      0.01      0.00     67.78
end------
                all      0.01      0.00      0.04      0.00      0.00     99.96
                all      0.12      0.00      0.46      0.00      0.00     99.42
                all      0.12      0.00      0.45      0.07      0.00     99.37
                all      0.11      0.00      0.46      0.01      0.00     99.42
start----
                all      2.38      0.00     21.79      0.11      0.00     75.71
                all      0.65      0.00     29.93      0.00      0.00     69.42
end------
                all      0.01      0.00      0.06      0.00      0.00     99.92
                all      0.11      0.00      0.45      0.00      0.00     99.44
                all      0.11      0.00      0.46      0.07      0.00     99.36
                all      0.11      0.00      0.47      0.00      0.00     99.42
start----
                all      2.20      0.00     23.66      0.10      0.00     74.05
                all      0.17      0.00     46.33      0.00      0.00     53.50
                all      0.50      0.00     23.24      0.00      0.00     76.26
end------
                all      0.03      0.00      0.11      0.00      0.00     99.86
                all      0.11      0.00      0.45      0.00      0.00     99.43
                all      0.12      0.00      0.45      0.08      0.00     99.35
start----
                all      0.10      0.00      0.42      0.00      0.00     99.47
                all      2.55      0.00     29.87      0.07      0.00     67.51
                all      0.16      0.00     46.26      0.00      0.00     53.58
                all      0.51      0.00     15.65      0.01      0.00     83.83
end------
                all      0.05      0.00      0.17      0.00      0.00     99.78
                all      0.12      0.00      0.45      0.00      0.00     99.44
                all      0.11      0.00      0.45      0.00      0.00     99.44
start----
                all      0.10      0.00      0.54      0.02      0.00     99.34
                all      2.32      0.00     37.28      0.06      0.00     60.33
                all      0.15      0.00     46.04      0.00      0.00     53.81
                all      0.49      0.00      9.23      0.00      0.00     90.28
end------
                all      0.07      0.00      0.24      0.00      0.00     99.68
                all      0.11      0.00      0.46      0.00      0.00     99.43
                all      0.12      0.00      0.46      0.00      0.00     99.42
start----
                all      0.40      0.00      3.83      0.05      0.00     95.72
                all      1.99      0.00     41.42      0.04      0.00     56.55
                all      0.20      0.00     46.39      0.00      0.00     53.41
                all      0.02      0.00     46.33      0.00      0.00     53.66
                all      1.20      0.00     37.93      0.00      0.00     60.87
                all      0.03      0.00      0.06      0.01      0.00     99.91
end------
                all      0.08      0.00      0.33      0.00      0.00     99.59
                all      0.11      0.00      0.45      0.00      0.00     99.44
                all      0.12      0.00      0.45      0.07      0.00     99.36
start----
                all      1.21      0.00      6.20      0.08      0.00     92.51
                all      1.11      0.00     45.61      0.02      0.00     53.25
                all      0.20      0.00     46.16      0.01      0.00     53.63
                all      0.02      0.00     46.31      0.00      0.00     53.67
                all      1.24      0.00     31.16      0.00      0.00     67.60
end------
                all      0.01      0.00      0.06      0.00      0.00     99.93
                all      0.12      0.00      0.45      0.00      0.00     99.43
                all      0.11      0.00      0.46      0.00      0.00     99.43
                all      0.12      0.00      0.45      0.00      0.00     99.43
start----
                all      2.41      0.00     20.31      0.06      0.00     77.21
                all      0.06      0.00     47.55      0.00      0.00     52.39
                all      0.21      0.00     45.88      0.00      0.00     53.91
                all      0.02      0.00     46.24      0.00      0.00     53.74
                all      1.07      0.00     15.48      0.01      0.00     83.44
end------
                all      0.03      0.00      0.10      0.00      0.00     99.88
                all      0.12      0.00      0.45      0.00      0.00     99.44
                all      0.12      0.00      0.45      0.00      0.00     99.44
start----
                all      0.10      0.00      0.44      0.00      0.00     99.45
                all      2.11      0.00     27.56      0.06      0.00     70.28
                all      0.06      0.00     47.62      0.00      0.00     52.32
                all      0.05      0.00     47.92      0.00      0.00     52.04
                all      0.42      0.00     45.82      0.00      0.00     53.76
                all      0.01      0.00     46.55      0.00      0.00     53.44
                all      0.02      0.00     46.26      0.00      0.00     53.72
                all      0.02      0.00     46.06      0.00      0.00     53.92
                all      2.21      0.00     37.63      0.00      0.00     60.15
                all      0.03      0.00      0.07      0.00      0.00     99.90
end------
                all      0.08      0.00      0.33      0.00      0.00     99.59
                all      0.13      0.00      0.45      0.00      0.00     99.43
                all      0.12      0.00      0.45      0.00      0.00     99.44
start----
                all      1.17      0.00      5.98      0.07      0.00     92.78
                all      1.19      0.00     45.94      0.02      0.00     52.85
                all      0.05      0.00     47.88      0.00      0.00     52.07
                all      0.05      0.00     47.86      0.00      0.00     52.09
                all      0.39      0.00     46.03      0.00      0.00     53.58
                all      0.02      0.00     46.40      0.00      0.00     53.59
                all      0.02      0.00     46.19      0.00      0.00     53.80
                all      0.01      0.00     45.97      0.00      0.00     54.02
                all      1.38      0.00     14.44      0.01      0.00     84.17
end------
                all      0.03      0.00      0.13      0.00      0.00     99.84
                all      0.11      0.00      0.46      0.00      0.00     99.42
                all      0.11      0.00      0.46      0.00      0.00     99.43
start----
                all      0.11      0.00      0.44      0.00      0.00     99.45
                all      2.25      0.00     28.24      0.15      0.00     69.37
                all      0.05      0.00     47.60      0.00      0.00     52.36
                all      0.04      0.00     47.87      0.00      0.00     52.08
                all      0.32      0.00     46.82      0.00      0.00     52.87
                all      0.01      0.00     46.49      0.00      0.00     53.50
                all      0.04      0.00     46.29      0.00      0.00     53.67
                all      0.01      0.00     46.13      0.00      0.00     53.86
                all      1.03      0.00     37.78      0.00      0.00     61.18
                all      0.02      0.00      0.07      0.00      0.00     99.91
end------
                all      0.09      0.00      0.36      0.00      0.00     99.55
                all      0.12      0.00      0.44      0.00      0.00     99.44
                all      0.11      0.00      0.45      0.00      0.00     99.43
start----
                all      0.94      0.00     14.08      0.27      0.00     84.71
                all      9.07      0.00     62.88      0.10      0.00     27.95
                all      4.51      0.00     84.06      0.00      0.00     11.43
                all      1.57      0.00     13.31      0.00      0.00     85.12
end------
                all      0.04      0.00      0.15      0.00      0.00     99.81
                all      0.12      0.00      0.46      0.00      0.00     99.42
                all      0.12      0.00      0.45      0.08      0.00     99.36
start----
                all      0.10      0.00      0.41      0.00      0.00     99.48
                all      9.10      0.00     38.15      0.12      0.00     52.63
                all      1.99      0.00     89.96      0.00      0.00      8.04
                all      4.60      0.00     36.27      0.00      0.00     59.12
end------
                all      0.01      0.00      0.03      0.00      0.00     99.95
                all      0.11      0.00      0.45      0.00      0.00     99.45
                all      0.12      0.00      0.45      0.00      0.00     99.43
                all      0.12      0.00      0.45      0.00      0.00     99.43
start----
                all      2.70      0.00     18.61      0.10      0.00     78.58
                all      7.65      0.00     77.72      0.02      0.00     14.61
                all      6.51      0.00     75.97      0.00      0.00     17.52
                all      0.04      0.00      1.84      0.01      0.00     98.11
end------
                all      0.08      0.00      0.31      0.00      0.00     99.60
                all      0.11      0.00      0.45      0.00      0.00     99.44
                all      0.12      0.00      0.44      0.00      0.00     99.44
start----
                all      0.47      0.00      6.65      0.19      0.00     92.69
                all      9.39      0.00     54.71      0.09      0.00     35.82
                all      0.86      0.00     91.98      0.00      0.00      7.17
                all      0.06      0.00     87.50      0.00      0.00     12.44
                all      4.84      0.00     36.31      0.00      0.00     58.85
end------
                all      0.01      0.00      0.05      0.00      0.00     99.94
                all      0.11      0.00      0.42      0.00      0.00     99.47
                all      0.13      0.00      0.45      0.00      0.00     99.43
                all      0.11      0.00      0.46      0.00      0.00     99.43
start----
                all      2.84      0.00     17.74      0.10      0.00     79.32
                all      6.72      0.00     78.91      0.03      0.00     14.33
                all      0.80      0.00     89.79      0.00      0.00      9.41
                all      6.16      0.00     82.05      0.00      0.00     11.80
                all      0.09      0.00      9.76      0.01      0.00     90.14
end------
                all      0.05      0.00      0.17      0.00      0.00     99.78
                all      0.11      0.00      0.45      0.00      0.00     99.44
                all      0.13      0.00      0.44      0.00      0.00     99.43
start----
                all      0.10      0.00      0.39      0.01      0.00     99.50
                all      9.75      0.00     37.29      0.13      0.00     52.83
                all      1.87      0.00     92.12      0.00      0.00      6.01
                all      1.19      0.00     85.30      0.00      0.00     13.50
                all      5.98      0.00     59.85      0.00      0.00     34.18
                all      0.03      0.00      0.13      0.00      0.00     99.84
end------
                all      0.06      0.00      0.25      0.00      0.00     99.69
                all      0.12      0.00      0.45      0.00      0.00     99.44
                all      0.13      0.00      0.44      0.07      0.00     99.36
start----
                all      0.37      0.00      4.14      0.08      0.00     95.42
                all      9.37      0.00     51.65      0.11      0.00     38.87
                all      0.04      0.00     94.46      0.00      0.00      5.50
                all      0.59      0.00     92.96      0.00      0.00      6.45
                all      0.04      0.00     87.73      0.00      0.00     12.23
                all      0.09      0.00     87.38      0.00      0.00     12.53
                all      7.23      0.00     80.75      0.00      0.00     12.01
                all      0.27      0.00     10.53      0.00      0.00     89.20
end------
                all      0.04      0.00      0.17      0.00      0.00     99.78
                all      0.11      0.00      0.46      0.00      0.00     99.42
                all      0.13      0.00      0.45      0.00      0.00     99.42
start----
                all      0.10      0.00      0.41      0.00      0.00     99.49
                all      9.16      0.00     43.42      0.21      0.00     47.22
                all      0.15      0.00     94.37      0.00      0.00      5.47
                all      0.06      0.00     94.72      0.00      0.00      5.22
                all      1.25      0.00     82.87      0.00      0.00     15.88
                all      0.04      0.00     87.52      0.00      0.00     12.44
                all      2.44      0.00     85.35      0.00      0.00     12.21
                all      3.03      0.00     14.74      0.00      0.00     82.23
end------
                all      0.02      0.00      0.13      0.00      0.00     99.85
                all      0.13      0.00      0.44      0.00      0.00     99.43
                all      0.12      0.00      0.45      0.00      0.00     99.44
start----
                all      0.12      0.00      0.40      0.00      0.00     99.47
                all      9.06      0.00     36.18      0.15      0.00     54.62
                all      1.57      0.00     92.28      0.03      0.00      6.12
                all      0.14      0.00     94.65      0.00      0.00      5.21
                all      4.39      0.00     81.50      0.00      0.00     14.12
                all      0.04      0.00     87.49      0.00      0.00     12.47
                all      0.34      0.00     86.79      0.00      0.00     12.87
                all      5.79      0.00     22.96      0.00      0.00     71.24
                all      0.01      0.00      0.04      0.00      0.00     99.94
end------
                all      0.14      0.00      0.50      0.00      0.00     99.36
                all      0.13      0.00      0.44      0.00      0.00     99.44
                all      0.13      0.00      0.44      0.00      0.00     99.43
start----
                all      2.75      0.00     17.24      0.11      0.00     79.89
                all      6.75      0.00     80.82      0.02      0.00     12.41
                all      0.05      0.00     94.47      0.00      0.00      5.48
                all      0.06      0.00     94.76      0.00      0.00      5.18
                all      0.04      0.00     94.86      0.00      0.00      5.10
                all      6.02      0.00     84.80      0.00      0.00      9.17
                all      0.06      0.00     87.92      0.00      0.00     12.02
                all      0.05      0.00     87.46      0.00      0.00     12.49
                all      0.04      0.00     87.08      0.00      0.00     12.88
                all      0.05      0.00     87.17      0.00      0.00     12.78
                all      0.05      0.00     86.79      0.00      0.00     13.17
                all      6.83      0.00     57.85      0.00      0.00     35.32
                all      0.03      0.00      0.14      0.00      0.00     99.83
end------
                all      0.06      0.00      0.25      0.00      0.00     99.69
                all      0.12      0.00      0.44      0.00      0.00     99.44
                all      0.12      0.00      0.45      0.00      0.00     99.43
start----
                all      0.29      0.00      2.39      0.09      0.00     97.23
                all      9.39      0.00     50.64      0.10      0.00     39.87
                all      0.06      0.00     94.44      0.00      0.00      5.50
                all      0.05      0.00     94.86      0.00      0.00      5.09
                all      0.05      0.00     94.87      0.00      0.00      5.08
                all      1.87      0.00     91.94      0.00      0.00      6.20
                all      0.04      0.00     88.01      0.00      0.00     11.95
                all      0.06      0.00     87.91      0.00      0.00     12.03
                all      0.05      0.00     87.50      0.00      0.00     12.44
                all      0.05      0.00     87.20      0.00      0.00     12.74
                all      0.06      0.00     86.85      0.00      0.00     13.09
                all      3.15      0.00     83.89      0.00      0.00     12.96
                all      1.99      0.00     13.96      0.00      0.00     84.05
end------
                all      0.04      0.00      0.14      0.00      0.00     99.82
                all      0.12      0.00      0.45      0.00      0.00     99.43
                all      0.14      0.00      0.44      0.00      0.00     99.41
start----
                all      0.12      0.00      0.40      0.00      0.00     99.48
                all      7.89      0.00     36.44      0.12      0.00     55.55
                all      1.44      0.00     92.74      0.00      0.00      5.82
                all      0.05      0.00     94.77      0.00      0.00      5.19
                all      0.05      0.00     94.83      0.00      0.00      5.11
                all      0.06      0.00     94.81      0.00      0.00      5.13
                all      1.48      0.00     85.61      0.00      0.00     12.91
                all      0.06      0.00     87.61      0.00      0.00     12.33
                all      0.04      0.00     87.43      0.00      0.00     12.53
                all      0.04      0.00     87.29      0.00      0.00     12.67
                all      0.05      0.00     87.04      0.00      0.00     12.91
                all      0.22      0.00     86.71      0.00      0.00     13.06
                all      4.49      0.00     22.52      0.01      0.00     72.98
end------
                all      0.02      0.00      0.07      0.00      0.00     99.91
                all      0.12      0.00      0.45      0.00      0.00     99.43
                all      0.13      0.00      0.44      0.07      0.00     99.37
                all      0.12      0.00      0.43      0.00      0.00     99.44
End of data collecting unexpected
