
Linux 5.2.8200225+ (knl03.kisti.re.kr) 	2020년 04월 15일 	_x86_64_	(272 CPU)

                CPU     %user     %nice   %system   %iowait    %steal     %idle
                all      0.03      0.00      0.10      0.00      0.00     99.87
                all      0.02      0.00      0.09      0.15      0.00     99.74
                all      0.01      0.00      0.07      0.36      0.00     99.55
                all      0.02      0.00      0.07      0.37      0.00     99.54
                all      0.01      0.00      0.08      0.35      0.00     99.55
                all      0.02      0.00      0.13      0.24      0.00     99.61
                all      0.03      0.00      0.10      0.07      0.00     99.80
                all      0.03      0.00      0.12      0.07      0.00     99.78
                all      0.12      0.00      0.22      0.00      0.00     99.67
                all      0.02      0.00      0.25      0.01      0.00     99.72
                all      0.01      0.00      0.07      0.00      0.00     99.91
                all      0.02      0.00      0.08      0.00      0.00     99.90
start----
                all      0.02      0.00      0.10      0.00      0.00     99.87
                all      0.32      0.00      9.81      0.01      0.00     89.86
                all      0.07      0.00      1.23      0.00      0.00     98.70
                all      0.01      0.00      0.07      0.00      0.00     99.91
                all      0.01      0.00      0.07      0.00      0.00     99.91
                all      0.02      0.00      0.08      0.00      0.00     99.90
                all      0.28      0.00      3.87      0.04      0.00     95.82
                all      0.10      0.00      7.10      0.01      0.00     92.79
end------
                all      0.03      0.00      0.13      0.00      0.00     99.83
                all      0.11      0.00      0.47      0.00      0.00     99.42
                all      0.11      0.00      0.46      0.00      0.00     99.43
start----
                all      0.10      0.00      0.42      0.00      0.00     99.47
                all      0.31      0.00      9.42      0.02      0.00     90.25
                all      0.05      0.00      1.66      0.00      0.00     98.29
end------
                all      0.08      0.00      0.35      0.00      0.00     99.57
                all      0.12      0.00      0.45      0.00      0.00     99.43
                all      0.12      0.00      0.46      0.00      0.00     99.42
start----
                all      0.32      0.00      3.66      0.02      0.00     96.00
                all      0.10      0.00     11.78      0.00      0.00     88.11
                all      0.08      0.00      5.89      0.01      0.00     94.02
end------
                all      0.04      0.00      0.22      0.00      0.00     99.74
                all      0.11      0.00      0.46      0.00      0.00     99.43
                all      0.11      0.00      0.46      0.00      0.00     99.42
start----
                all      0.11      0.00      0.40      0.00      0.00     99.49
                all      0.29      0.00     10.42      0.02      0.00     89.27
                all      0.22      0.00     10.66      0.00      0.00     89.11
                all      0.01      0.00      0.05      0.00      0.00     99.94
end------
                all      0.10      0.00      0.42      0.00      0.00     99.49
                all      0.12      0.00      0.45      0.02      0.00     99.41
                all      0.12      0.00      0.47      0.05      0.00     99.36
start----
                all      0.31      0.00      5.98      0.03      0.00     93.67
                all      0.15      0.00     11.72      0.00      0.00     88.12
                all      0.08      0.00      3.60      0.00      0.00     96.31
end------
                all      0.06      0.00      0.25      0.00      0.00     99.69
                all      0.15      0.00      0.52      0.00      0.00     99.32
                all      0.11      0.00      0.46      0.00      0.00     99.43
start----
                all      0.32      0.00      1.36      0.04      0.00     98.28
                all      0.04      0.00     11.85      0.00      0.00     88.11
                all      0.50      0.00     11.93      0.00      0.00     87.57
                all      0.02      0.00     11.88      0.00      0.00     88.10
                all      0.18      0.00      5.74      0.00      0.00     94.08
end------
                all      0.02      0.00      0.08      0.00      0.00     99.90
                all      0.12      0.00      0.45      0.00      0.00     99.42
                all      0.11      0.00      0.46      0.00      0.00     99.43
                all      0.12      0.00      0.45      0.00      0.00     99.42
start----
                all      0.28      0.00      8.24      0.03      0.00     91.45
                all      0.04      0.00     12.24      0.00      0.00     87.73
                all      0.39      0.00     11.72      0.04      0.00     87.85
                all      0.12      0.00     10.20      0.00      0.00     89.67
end------
                all      0.01      0.00      0.05      0.00      0.00     99.94
                all      0.11      0.00      0.44      0.00      0.00     99.45
                all      0.13      0.00      0.45      0.00      0.00     99.42
                all      0.11      0.00      0.45      0.00      0.00     99.44
start----
                all      0.29      0.00      6.48      0.01      0.00     93.21
                all      0.04      0.00     12.11      0.00      0.00     87.85
                all      0.62      0.00     11.52      0.00      0.00     87.86
                all      0.02      0.00     11.87      0.00      0.00     88.11
                all      0.11      0.00      0.67      0.01      0.00     99.22
end------
                all      0.16      0.00      0.55      0.01      0.00     99.29
                all      0.23      0.00      0.56      0.01      0.00     99.20
                all      0.15      0.00      0.54      0.05      0.00     99.27
start----
                all      0.30      0.00      4.29      0.04      0.00     95.37
                all      0.05      0.00     12.00      0.00      0.00     87.95
                all      0.04      0.00     12.43      0.04      0.00     87.49
                all      0.08      0.00     12.54      0.05      0.00     87.33
                all      2.97      0.00      4.38      4.92      0.00     87.72
                all      0.02      0.00     11.90      0.00      0.00     88.08
                all      0.01      0.00     11.87      0.00      0.00     88.11
                all      0.02      0.00     11.88      0.00      0.00     88.10
                all      0.87      0.00      4.17      0.01      0.00     94.94
end------
                all      0.06      0.00      0.15      0.01      0.00     99.78
                all      0.16      0.00      0.69      0.00      0.00     99.15
                all      0.21      0.00      0.52      0.01      0.00     99.25
                all      0.14      0.00      0.56      0.06      0.00     99.23
start----
                all      0.28      0.00      7.60      0.03      0.00     92.10
                all      0.04      0.00     12.16      0.00      0.00     87.80
                all      0.04      0.00     12.44      0.00      0.00     87.51
                all      0.06      0.00      9.28      3.11      0.00     87.56
                all      0.49      0.00      8.22      3.31      0.00     87.97
                all      0.02      0.00     11.89      0.00      0.00     88.08
                all      0.03      0.00     11.92      0.01      0.00     88.05
                all      1.35      0.00     10.20      0.00      0.00     88.45
                all      0.02      0.00      0.14      0.02      0.00     99.82
end------
                all      0.09      0.00      0.38      0.00      0.00     99.53
                all      0.13      0.00      0.51      0.02      0.00     99.35
                all      0.11      0.00      0.46      0.00      0.00     99.42
start----
                all      0.32      0.00      2.48      0.03      0.00     97.17
                all      0.06      0.00     11.95      0.00      0.00     87.99
                all      0.06      0.00     12.42      0.01      0.00     87.52
                all      0.09      0.00     12.64      0.04      0.00     87.23
                all      1.66      0.00      4.20      6.44      0.00     87.70
                all      1.38      0.00     10.61      0.06      0.00     87.95
                all      0.02      0.00     11.89      0.00      0.00     88.09
                all      0.03      0.00     11.91      0.00      0.00     88.07
                all      1.06      0.00      7.47      0.03      0.00     91.44
end------
                all      0.02      0.00      0.10      0.01      0.00     99.87
                all      0.18      0.00      0.55      0.01      0.00     99.27
                all      0.13      0.00      0.58      0.04      0.00     99.26
                all      0.13      0.00      0.52      0.02      0.00     99.33
start----
                all      0.72      0.00     10.75      0.03      0.00     88.50
                all      0.19      0.00     12.22      0.03      0.00     87.56
end------
                all      0.05      0.00      0.20      0.03      0.00     99.73
                all      0.11      0.00      0.46      0.00      0.00     99.42
                all      0.13      0.00      0.47      0.01      0.00     99.40
start----
                all      0.15      0.00      0.48      0.01      0.00     99.35
                all      0.78      0.00     17.05      0.04      0.00     82.12
                all      0.13      0.00      5.80      0.00      0.00     94.07
end------
                all      0.07      0.00      0.26      0.00      0.00     99.66
                all      0.11      0.00      0.46      0.00      0.00     99.43
                all      0.12      0.00      0.46      0.00      0.00     99.41
start----
                all      0.56      0.00      1.97      0.03      0.00     97.43
                all      0.45      0.00     20.80      0.01      0.00     78.74
                all      0.01      0.00      0.05      0.00      0.00     99.93
end------
                all      0.10      0.00      0.43      0.00      0.00     99.48
                all      0.12      0.00      0.45      0.01      0.00     99.42
                all      0.12      0.00      0.45      0.06      0.00     99.37
start----
                all      0.73      0.00     10.09      0.08      0.00     89.10
                all      0.10      0.00     23.57      0.00      0.00     76.33
                all      0.14      0.00      8.97      0.00      0.00     90.89
end------
                all      0.05      0.00      0.23      0.00      0.00     99.71
                all      0.12      0.00      0.45      0.00      0.00     99.42
                all      0.11      0.00      0.46      0.00      0.00     99.42
start----
                all      0.20      0.00      1.30      0.06      0.00     98.44
                all      0.55      0.00     21.88      0.01      0.00     77.56
                all      0.21      0.00     19.75      0.00      0.00     80.04
end------
                all      0.01      0.00      0.03      0.00      0.00     99.96
                all      0.11      0.00      0.44      0.00      0.00     99.44
                all      0.12      0.00      0.45      0.00      0.00     99.43
                all      0.11      0.00      0.45      0.00      0.00     99.44
start----
                all      0.74      0.00     11.55      0.05      0.00     87.66
                all      0.09      0.00     23.59      0.00      0.00     76.32
                all      0.14      0.00      7.76      0.00      0.00     92.10
end------
                all      0.06      0.00      0.25      0.00      0.00     99.69
                all      0.11      0.00      0.46      0.00      0.00     99.42
                all      0.11      0.00      0.45      0.00      0.00     99.43
start----
                all      0.22      0.00      1.31      0.04      0.00     98.43
                all      0.59      0.00     22.59      0.01      0.00     76.80
                all      0.23      0.00     23.66      0.00      0.00     76.10
                all      0.01      0.00     23.71      0.00      0.00     76.28
                all      0.33      0.00     12.75      0.00      0.00     86.92
end------
                all      0.03      0.00      0.13      0.00      0.00     99.84
                all      0.11      0.00      0.46      0.00      0.00     99.43
                all      0.12      0.00      0.45      0.00      0.00     99.43
start----
                all      0.10      0.00      0.41      0.00      0.00     99.48
                all      0.68      0.00     18.43      0.03      0.00     80.87
                all      0.04      0.00     23.97      0.00      0.00     75.98
                all      0.22      0.00     23.53      0.00      0.00     76.25
                all      0.17      0.00     17.67      0.00      0.00     82.16
end------
                all      0.01      0.00      0.05      0.01      0.00     99.92
                all      0.11      0.00      0.45      0.00      0.00     99.45
                all      0.12      0.00      0.44      0.00      0.00     99.44
                all      0.11      0.00      0.46      0.00      0.00     99.42
start----
                all      0.77      0.00      8.80      0.08      0.00     90.35
                all      0.04      0.00     23.78      0.00      0.00     76.18
                all      0.16      0.00     23.45      0.02      0.00     76.37
                all      0.04      0.00     23.84      0.00      0.00     76.11
                all      0.67      0.00      4.30      0.00      0.00     95.03
end------
                all      0.07      0.00      0.28      0.00      0.00     99.65
                all      0.12      0.00      0.45      0.00      0.00     99.43
                all      0.13      0.00      0.45      0.07      0.00     99.35
start----
                all      0.78      0.00      2.92      0.04      0.00     96.26
                all      0.04      0.00     23.64      0.00      0.00     76.32
                all      0.04      0.00     24.15      0.00      0.00     75.80
                all      0.04      0.00     24.17      0.00      0.00     75.79
                all      0.34      0.00     23.52      0.00      0.00     76.14
                all      0.02      0.00     23.72      0.00      0.00     76.26
                all      0.01      0.00     23.69      0.00      0.00     76.29
                all      0.72      0.00     21.75      0.00      0.00     77.53
end------
                all      0.02      0.00      0.06      0.00      0.00     99.92
                all      0.10      0.00      0.43      0.00      0.00     99.47
                all      0.13      0.00      0.44      0.00      0.00     99.43
                all      0.10      0.00      0.46      0.00      0.00     99.44
start----
                all      0.71      0.00      8.29      0.05      0.00     90.95
                all      0.04      0.00     23.78      0.00      0.00     76.19
                all      0.04      0.00     24.22      0.00      0.00     75.73
                all      0.04      0.00     24.23      0.00      0.00     75.73
                all      0.38      0.00     23.43      0.01      0.00     76.18
                all      0.02      0.00     23.68      0.00      0.00     76.30
                all      0.01      0.00     23.70      0.00      0.00     76.29
                all      1.40      0.00     16.23      0.00      0.00     82.37
end------
                all      0.00      0.00      0.03      0.00      0.00     99.97
                all      0.11      0.00      0.46      0.00      0.00     99.43
                all      0.11      0.00      0.45      0.07      0.00     99.37
                all      0.10      0.00      0.47      0.00      0.00     99.42
start----
                all      0.75      0.00     13.31      0.04      0.00     85.89
                all      0.04      0.00     23.91      0.00      0.00     76.04
                all      0.05      0.00     24.22      0.00      0.00     75.73
                all      0.05      0.00     24.22      0.00      0.00     75.73
                all      0.33      0.00     23.21      0.00      0.00     76.46
                all      0.02      0.00     23.70      0.00      0.00     76.28
                all      0.02      0.00     23.68      0.00      0.00     76.30
                all      0.64      0.00     11.16      0.00      0.00     88.20
end------
                all      0.02      0.00      0.07      0.00      0.00     99.91
                all      0.11      0.00      0.45      0.00      0.00     99.43
                all      0.11      0.00      0.46      0.07      0.00     99.36
                all      0.12      0.00      0.45      0.00      0.00     99.43
start----
                all      2.46      0.00     24.75      0.09      0.00     72.70
                all      0.75      0.00     35.04      0.00      0.00     64.22
end------
                all      0.01      0.00      0.04      0.00      0.00     99.96
                all      0.11      0.00      0.44      0.00      0.00     99.44
                all      0.11      0.00      0.45      0.00      0.00     99.43
                all      0.11      0.00      0.45      0.00      0.00     99.44
start----
                all      2.44      0.00     17.14      0.05      0.00     80.37
                all      0.71      0.00     41.49      0.00      0.00     57.80
                all      0.03      0.00      0.07      0.00      0.00     99.90
end------
                all      0.09      0.00      0.39      0.00      0.00     99.52
                all      0.11      0.00      0.45      0.00      0.00     99.44
                all      0.12      0.00      0.45      0.00      0.00     99.43
start----
                all      2.35      0.00     10.92      0.05      0.00     86.68
                all      0.74      0.00     45.80      0.00      0.00     53.47
                all      0.04      0.00      2.01      0.00      0.00     97.95
end------
                all      0.08      0.00      0.32      0.00      0.00     99.60
                all      0.11      0.00      0.45      0.00      0.00     99.44
                all      0.11      0.00      0.46      0.07      0.00     99.36
start----
                all      1.29      0.00      6.85      0.05      0.00     91.82
                all      1.20      0.00     45.54      0.02      0.00     53.23
                all      0.29      0.00     45.95      0.00      0.00     53.76
                all      0.49      0.00      6.87      0.00      0.00     92.63
end------
                all      0.06      0.00      0.27      0.00      0.00     99.67
                all      0.12      0.00      0.46      0.00      0.00     99.42
                all      0.11      0.00      0.46      0.03      0.00     99.41
start----
                all      0.38      0.00      4.58      0.13      0.00     94.92
                all      2.13      0.00     41.54      0.03      0.00     56.30
                all      0.30      0.00     45.98      0.00      0.00     53.72
                all      0.56      0.00     13.42      0.01      0.00     86.01
end------
                all      0.05      0.00      0.21      0.00      0.00     99.74
                all      0.10      0.00      0.46      0.00      0.00     99.44
                all      0.13      0.00      0.45      0.07      0.00     99.35
start----
                all      0.14      0.00      0.96      0.04      0.00     98.86
                all      2.36      0.00     38.21      0.04      0.00     59.39
                all      0.28      0.00     46.16      0.00      0.00     53.56
                all      0.52      0.00     19.87      0.00      0.00     79.61
end------
                all      0.02      0.00      0.10      0.00      0.00     99.88
                all      0.11      0.00      0.46      0.00      0.00     99.44
                all      0.11      0.00      0.45      0.06      0.00     99.37
start----
                all      0.10      0.00      0.43      0.00      0.00     99.47
                all      2.36      0.00     28.69      0.07      0.00     68.89
                all      0.04      0.00     47.42      0.00      0.00     52.53
                all      0.34      0.00     45.89      0.00      0.00     53.77
                all      0.02      0.00     46.16      0.00      0.00     53.82
                all      1.38      0.00     29.67      0.01      0.00     68.94
end------
                all      0.01      0.00      0.04      0.00      0.00     99.96
                all      0.11      0.00      0.45      0.00      0.00     99.44
                all      0.11      0.00      0.45      0.07      0.00     99.37
                all      0.11      0.00      0.46      0.00      0.00     99.44
start----
                all      2.26      0.00     21.07      0.07      0.00     76.59
                all      0.05      0.00     47.34      0.00      0.00     52.61
                all      0.34      0.00     45.58      0.05      0.00     54.04
                all      0.02      0.00     46.25      0.00      0.00     53.73
                all      1.97      0.00     36.83      0.00      0.00     61.21
                all      0.02      0.00      0.06      0.00      0.00     99.92
end------
                all      0.08      0.00      0.39      0.00      0.00     99.53
                all      0.12      0.00      0.45      0.00      0.00     99.44
                all      0.12      0.00      0.45      0.00      0.00     99.43
start----
                all      1.34      0.00      7.71      0.12      0.00     90.83
                all      1.09      0.00     45.59      0.03      0.00     53.29
                all      0.34      0.00     46.00      0.01      0.00     53.65
                all      0.01      0.00     46.36      0.04      0.00     53.59
                all      1.22      0.00     44.97      0.00      0.00     53.81
                all      0.81      0.00      6.44      0.00      0.00     92.74
end------
                all      0.06      0.00      0.27      0.00      0.00     99.67
                all      0.11      0.00      0.45      0.00      0.00     99.44
                all      0.11      0.00      0.45      0.00      0.00     99.44
start----
                all      0.42      0.00      3.50      0.03      0.00     96.05
                all      1.86      0.00     43.10      0.05      0.00     55.00
                all      0.04      0.00     47.63      0.00      0.00     52.33
                all      0.04      0.00     47.72      0.00      0.00     52.23
                all      0.35      0.00     46.93      0.01      0.00     52.71
                all      0.02      0.00     46.09      0.00      0.00     53.89
                all      0.02      0.00     46.46      0.00      0.00     53.52
                all      0.02      0.00     45.92      0.00      0.00     54.06
                all      0.02      0.00     45.60      0.00      0.00     54.39
                all      2.63      0.00     14.22      0.00      0.00     83.15
end------
                all      0.04      0.00      0.18      0.00      0.00     99.78
                all      0.11      0.00      0.45      0.00      0.00     99.44
                all      0.11      0.00      0.45      0.00      0.00     99.43
start----
                all      0.14      0.00      0.47      0.01      0.00     99.38
                all      2.34      0.00     36.46      0.22      0.00     60.98
                all      0.04      0.00     47.54      0.00      0.00     52.42
                all      0.05      0.00     47.82      0.00      0.00     52.13
                all      0.04      0.00     47.73      0.00      0.00     52.23
                all      0.55      0.00     45.64      0.00      0.00     53.81
                all      0.01      0.00     46.40      0.00      0.00     53.58
                all      0.02      0.00     46.09      0.00      0.00     53.90
                all      0.02      0.00     45.69      0.00      0.00     54.29
                all      2.98      0.00     25.80      0.00      0.00     71.22
end------
                all      0.01      0.00      0.05      0.00      0.00     99.94
                all      0.12      0.00      0.45      0.00      0.00     99.43
                all      0.11      0.00      0.45      0.00      0.00     99.43
                all      0.12      0.00      0.45      0.00      0.00     99.43
start----
                all      2.32      0.00     13.15      0.06      0.00     84.47
                all      0.04      0.00     47.26      0.00      0.00     52.70
                all      0.04      0.00     47.79      0.00      0.00     52.17
                all      0.06      0.00     47.74      0.00      0.00     52.21
                all      0.45      0.00     46.08      0.01      0.00     53.46
                all      0.02      0.00     46.57      0.00      0.00     53.41
                all      0.02      0.00     46.24      0.00      0.00     53.74
                all      0.02      0.00     46.02      0.00      0.00     53.96
                all      2.18      0.00     43.23      0.00      0.00     54.59
                all      1.30      0.00      4.35      0.00      0.00     94.34
end------
                all      0.06      0.00      0.21      0.00      0.00     99.73
                all      0.11      0.00      0.44      0.00      0.00     99.44
                all      0.11      0.00      0.45      0.00      0.00     99.43
start----
                all      0.12      0.00      0.97      0.02      0.00     98.89
                all     10.02      0.00     51.14      0.15      0.00     38.70
                all      1.74      0.00     89.77      0.00      0.00      8.49
                all      4.57      0.00     40.07      0.00      0.00     55.36
                all      0.02      0.00      0.07      0.00      0.00     99.91
end------
                all      0.07      0.00      0.33      0.00      0.00     99.60
                all      0.12      0.00      0.45      0.00      0.00     99.43
                all      0.11      0.00      0.46      0.07      0.00     99.36
start----
                all      0.97      0.00      9.42      0.10      0.00     89.51
                all      8.87      0.00     66.55      0.12      0.00     24.47
                all      2.71      0.00     86.12      0.00      0.00     11.17
                all      3.37      0.00     18.92      0.00      0.00     77.71
end------
                all      0.00      0.00      0.03      0.00      0.00     99.96
                all      0.11      0.00      0.44      0.00      0.00     99.45
                all      0.12      0.00      0.45      0.05      0.00     99.38
                all      0.11      0.00      0.45      0.02      0.00     99.41
start----
                all      9.13      0.00     17.85      0.10      0.00     72.92
                all      6.93      0.00     79.56      0.02      0.00     13.48
                all      7.91      0.00     77.61      0.01      0.00     14.47
                all      0.06      0.00      4.69      0.00      0.00     95.25
end------
                all      0.06      0.00      0.20      0.00      0.00     99.74
                all      0.11      0.00      0.45      0.00      0.00     99.44
                all      0.11      0.00      0.45      0.00      0.00     99.43
start----
                all      0.13      0.00      0.92      0.03      0.00     98.93
                all      9.53      0.00     46.92      0.14      0.00     43.42
                all      0.05      0.00     94.36      0.00      0.00      5.59
                all      2.55      0.00     84.85      0.00      0.00     12.60
                all      6.41      0.00     72.63      0.00      0.00     20.96
                all      0.05      0.00      1.81      0.00      0.00     98.14
end------
                all      0.06      0.00      0.26      0.00      0.00     99.67
                all      0.12      0.00      0.45      0.00      0.00     99.44
                all      0.12      0.00      0.45      0.07      0.00     99.36
start----
                all      0.46      0.00      5.66      0.04      0.00     93.84
                all      9.83      0.00     54.11      0.12      0.00     35.93
                all      0.06      0.00     94.38      0.00      0.00      5.56
                all      2.82      0.00     84.42      0.00      0.00     12.76
                all      5.82      0.00     63.44      0.00      0.00     30.74
                all      0.03      0.00      0.15      0.00      0.00     99.82
end------
                all      0.08      0.00      0.31      0.00      0.00     99.61
                all      0.12      0.00      0.45      0.00      0.00     99.43
                all      0.11      0.00      0.46      0.00      0.00     99.43
start----
                all      0.95      0.00      7.80      0.04      0.00     91.21
                all      8.69      0.00     57.45      0.11      0.00     33.75
                all      1.28      0.00     91.92      0.00      0.00      6.80
                all      0.09      0.00     87.54      0.00      0.00     12.37
                all      5.16      0.00     51.43      0.00      0.00     43.41
                all      0.10      0.00      0.21      0.02      0.00     99.67
end------
                all      0.09      0.00      0.37      0.00      0.00     99.54
                all      0.11      0.00      0.45      0.00      0.00     99.44
                all      0.12      0.00      0.45      0.07      0.00     99.36
start----
                all      1.19      0.00      9.74      0.11      0.00     88.96
                all      8.69      0.00     78.31      0.18      0.00     12.81
                all      0.05      0.00     94.37      0.00      0.00      5.58
                all      2.21      0.00     92.13      0.00      0.00      5.65
                all      0.04      0.00     87.96      0.00      0.00     11.99
                all      0.04      0.00     87.12      0.00      0.00     12.83
                all      2.57      0.00     39.13      0.01      0.00     58.29
end------
                all      0.03      0.00      0.11      0.00      0.00     99.86
                all      0.12      0.00      0.45      0.00      0.00     99.43
                all      0.11      0.00      0.45      0.00      0.00     99.44
start----
                all      0.10      0.00      0.43      0.00      0.00     99.47
                all      5.12      0.00     37.41      0.15      0.00     57.32
                all      4.56      0.00     87.80      0.02      0.00      7.62
                all      0.04      0.00     94.55      0.00      0.00      5.41
                all      1.72      0.00     88.35      0.00      0.00      9.94
                all      0.06      0.00     87.56      0.00      0.00     12.38
                all      0.05      0.00     86.64      0.00      0.00     13.31
                all      8.41      0.00     67.04      0.00      0.00     24.56
                all      0.04      0.00      0.80      0.00      0.00     99.16
end------
                all      0.07      0.00      0.29      0.00      0.00     99.64
                all      0.12      0.00      0.45      0.00      0.00     99.44
                all      0.12      0.00      0.45      0.07      0.00     99.36
start----
                all      0.62      0.00      9.78      0.04      0.00     89.55
                all      9.27      0.00     56.75      0.15      0.00     33.83
                all      0.04      0.00     94.36      0.00      0.00      5.59
                all      0.06      0.00     94.70      0.00      0.00      5.24
                all      2.38      0.00     85.90      0.00      0.00     11.72
                all      0.05      0.00     87.11      0.00      0.00     12.85
                all      0.06      0.00     86.72      0.00      0.00     13.23
                all      4.73      0.00     32.72      0.00      0.00     62.54
end------
                all      0.00      0.00      0.04      0.00      0.00     99.96
                all      0.11      0.00      0.43      0.00      0.00     99.46
                all      0.12      0.00      0.45      0.04      0.00     99.39
                all      0.11      0.00      0.45      0.03      0.00     99.41
start----
                all      3.22      0.00     20.91      0.07      0.00     75.79
                all      7.71      0.00     79.22      0.01      0.00     13.05
                all      0.05      0.00     94.45      0.00      0.00      5.50
                all      0.05      0.00     94.74      0.00      0.00      5.21
                all      0.05      0.00     94.74      0.00      0.00      5.22
                all      0.05      0.00     94.71      0.00      0.00      5.24
                all      5.97      0.00     83.59      0.00      0.00     10.44
                all      0.04      0.00     87.95      0.00      0.00     12.01
                all      0.04      0.00     87.41      0.00      0.00     12.54
                all      0.10      0.00     87.49      0.01      0.00     12.40
                all      0.08      0.00     87.17      0.00      0.00     12.74
                all      3.43      0.00     60.24      0.00      0.00     36.33
                all      0.02      0.00      0.09      0.00      0.00     99.89
end------
                all      0.10      0.00      0.39      0.00      0.00     99.52
                all      0.12      0.00      0.45      0.00      0.00     99.43
                all      0.11      0.00      0.46      0.00      0.00     99.44
start----
                all      1.02      0.00      9.81      0.05      0.00     89.12
                all      8.82      0.00     73.65      0.14      0.00     17.38
                all      0.07      0.00     94.40      0.00      0.00      5.53
                all      0.06      0.00     94.72      0.00      0.00      5.23
                all      0.05      0.00     94.77      0.00      0.00      5.19
                all      0.04      0.00     94.73      0.00      0.00      5.23
                all      2.05      0.00     88.91      0.00      0.00      9.03
                all      0.03      0.00     88.13      0.00      0.00     11.84
                all      0.06      0.00     87.54      0.00      0.00     12.40
                all      0.05      0.00     87.14      0.00      0.00     12.80
                all      0.04      0.00     85.95      0.00      0.00     14.01
                all      9.28      0.00     63.23      0.00      0.00     27.49
                all      0.03      0.00      0.15      0.01      0.00     99.80
end------
                all      0.05      0.00      0.22      0.00      0.00     99.73
                all      0.11      0.00      0.45      0.00      0.00     99.44
                all      0.13      0.00      0.45      0.00      0.00     99.43
start----
                all      0.15      0.00      1.35      0.10      0.00     98.41
                all      9.71      0.00     52.32      0.24      0.00     37.73
                all      0.05      0.00     94.36      0.00      0.00      5.59
                all      0.05      0.00     94.63      0.00      0.00      5.32
                all      0.05      0.00     94.73      0.00      0.00      5.22
                all      0.05      0.00     94.72      0.00      0.00      5.23
                all      1.38      0.00     91.60      0.00      0.00      7.02
                all      0.05      0.00     88.46      0.00      0.00     11.50
                all      0.05      0.00     87.32      0.00      0.00     12.62
                all      0.05      0.00     87.33      0.00      0.00     12.62
                all      0.04      0.00     86.08      0.00      0.00     13.87
                all     12.40      0.00     74.58      0.01      0.00     13.01
                all      0.48      0.00     15.25      0.00      0.00     84.27
end------
                all      0.01      0.00      0.06      0.00      0.00     99.93
                all      0.13      0.00      0.45      0.00      0.00     99.42
                all      0.13      0.00      0.44      0.07      0.00     99.36
                all      0.13      0.00      0.44      0.00      0.00     99.43
End of data collecting unexpected
