
Linux 5.2.8200225+ (knl03.kisti.re.kr) 	2020년 04월 04일 	_x86_64_	(272 CPU)

                CPU     %user     %nice   %system   %iowait    %steal     %idle
                all      0.03      0.00      0.11      0.00      0.00     99.86
                all      0.05      0.00      0.14      0.15      0.00     99.66
                all      0.01      0.00      0.07      0.37      0.00     99.55
                all      0.01      0.00      0.07      0.37      0.00     99.54
                all      0.02      0.00      0.07      0.08      0.00     99.83
                all      0.02      0.00      0.14      0.24      0.00     99.60
                all      0.02      0.00      0.10      0.04      0.00     99.84
                all      0.03      0.00      0.13      0.00      0.00     99.84
                all      0.09      0.00      0.18      0.08      0.00     99.65
                all      0.02      0.00      0.16      0.01      0.00     99.81
                all      0.02      0.00      0.08      0.00      0.00     99.90
                all      0.49      0.00      0.12      0.00      0.00     99.38
start----
                all      0.24      0.00      0.68      0.02      0.00     99.06
                all      0.07      0.00      2.71      0.00      0.00     97.22
                all      0.02      0.00      0.08      0.00      0.00     99.90
                all      0.01      0.00      0.07      0.00      0.00     99.92
                all      0.02      0.00      0.07      0.03      0.00     99.88
                all      0.01      0.00      0.07      0.05      0.00     99.86
                all      0.08      0.00      1.72      0.02      0.00     98.18
                all      0.04      0.00      1.58      0.00      0.00     98.37
end------
                all      0.04      0.00      0.18      0.00      0.00     99.78
                all      0.12      0.00      0.45      0.00      0.00     99.43
                all      0.11      0.00      0.46      0.07      0.00     99.36
start----
                all      0.10      0.00      0.41      0.01      0.00     99.48
                all      0.08      0.00      2.70      0.04      0.00     97.18
                all      0.04      0.00      0.53      0.00      0.00     99.43
end------
                all      0.07      0.00      0.36      0.00      0.00     99.57
                all      0.11      0.00      0.45      0.00      0.00     99.43
                all      0.12      0.00      0.45      0.00      0.00     99.43
start----
                all      0.11      0.00      1.11      0.02      0.00     98.75
                all      0.04      0.00      3.01      0.00      0.00     96.95
                all      0.07      0.00      2.52      0.01      0.00     97.41
end------
                all      0.01      0.00      0.06      0.00      0.00     99.93
                all      0.11      0.00      0.46      0.00      0.00     99.42
                all      0.11      0.00      0.46      0.00      0.00     99.43
                all      0.11      0.00      0.46      0.00      0.00     99.42
start----
                all      0.09      0.00      1.88      0.02      0.00     98.02
                all      0.03      0.00      3.01      0.00      0.00     96.97
                all      0.05      0.00      1.48      0.00      0.00     98.47
end------
                all      0.04      0.00      0.19      0.00      0.00     99.77
                all      0.12      0.00      0.46      0.00      0.00     99.42
                all      0.12      0.00      0.45      0.00      0.00     99.43
start----
                all      0.10      0.00      0.41      0.01      0.00     99.49
                all      0.08      0.00      2.89      0.01      0.00     97.02
                all      0.03      0.00      3.00      0.00      0.00     96.98
                all      0.06      0.00      0.41      0.00      0.00     99.54
end------
                all      0.09      0.00      0.35      0.00      0.00     99.56
                all      0.11      0.00      0.45      0.00      0.00     99.43
                all      0.14      0.00      0.46      0.13      0.00     99.27
start----
                all      0.11      0.00      1.23      0.02      0.00     98.64
                all      0.04      0.00      3.01      0.00      0.00     96.95
                all      0.04      0.00      3.45      0.00      0.00     96.51
                all      0.55      0.00      2.89      0.00      0.00     96.56
                all      0.01      0.00      3.02      0.00      0.00     96.96
                all      0.10      0.00      0.54      0.00      0.00     99.36
end------
                all      0.06      0.00      0.23      0.00      0.00     99.71
                all      0.12      0.00      0.45      0.00      0.00     99.44
                all      0.11      0.00      0.46      0.07      0.00     99.35
start----
                all      0.13      0.00      0.55      0.02      0.00     99.30
                all      0.03      0.00      3.00      0.00      0.00     96.97
                all      0.03      0.00      3.29      0.00      0.00     96.68
                all      0.56      0.00      3.12      0.00      0.00     96.31
                all      0.01      0.00      3.03      0.00      0.00     96.96
                all      0.06      0.00      1.25      0.00      0.00     98.69
end------
                all      0.05      0.00      0.22      0.00      0.00     99.73
                all      0.11      0.00      0.46      0.00      0.00     99.43
                all      0.10      0.00      0.46      0.07      0.00     99.36
start----
                all      0.13      0.00      0.46      0.02      0.00     99.39
                all      0.06      0.00      2.98      0.00      0.00     96.96
                all      0.03      0.00      3.26      0.00      0.00     96.70
                all      0.06      0.00      3.41      0.00      0.00     96.54
                all      0.01      0.00      3.02      0.00      0.00     96.97
                all      0.16      0.00      0.64      0.00      0.00     99.20
end------
                all      0.07      0.00      0.30      0.00      0.00     99.63
                all      0.12      0.00      0.45      0.00      0.00     99.43
                all      0.12      0.00      0.45      0.00      0.00     99.43
start----
                all      0.13      0.00      0.95      0.02      0.00     98.90
                all      0.03      0.00      3.01      0.00      0.00     96.96
                all      0.03      0.00      3.38      0.00      0.00     96.59
                all      0.03      0.00      3.59      0.00      0.00     96.38
                all      0.04      0.00      3.57      0.00      0.00     96.39
                all      0.03      0.00      3.23      0.36      0.00     96.38
                all      0.03      0.00      1.69      1.79      0.00     96.50
                all      0.11      0.00      2.60      0.55      0.00     96.75
                all      0.01      0.00      3.02      0.00      0.00     96.97
                all      0.02      0.00      3.02      0.00      0.00     96.96
                all      0.18      0.00      0.87      0.00      0.00     98.95
end------
                all      0.05      0.00      0.24      0.00      0.00     99.71
                all      0.12      0.00      0.45      0.00      0.00     99.42
                all      0.12      0.00      0.45      0.07      0.00     99.36
start----
                all      0.13      0.00      0.67      0.02      0.00     99.18
                all      0.04      0.00      3.00      0.00      0.00     96.96
                all      0.03      0.00      3.23      0.00      0.00     96.74
                all      0.04      0.00      3.45      0.00      0.00     96.51
                all      0.03      0.00      3.47      0.01      0.00     96.49
                all      0.04      0.00      3.31      0.17      0.00     96.48
                all      0.02      0.00      1.72      1.70      0.00     96.56
                all      0.32      0.00      2.30      0.63      0.00     96.75
                all      0.02      0.00      3.05      0.00      0.00     96.93
                all      0.02      0.00      3.02      0.00      0.00     96.96
                all      0.49      0.00      1.29      0.00      0.00     98.22
end------
                all      0.02      0.00      0.10      0.00      0.00     99.88
                all      0.11      0.00      0.46      0.00      0.00     99.43
                all      0.11      0.00      0.46      0.00      0.00     99.42
                all      0.13      0.00      0.44      0.00      0.00     99.43
start----
                all      0.08      0.00      2.11      0.02      0.00     97.79
                all      0.04      0.00      3.02      0.00      0.00     96.93
                all      0.04      0.00      3.46      0.00      0.00     96.50
                all      0.04      0.00      3.45      0.00      0.00     96.50
                all      0.03      0.00      3.49      0.03      0.00     96.45
                all      0.04      0.00      2.53      1.02      0.00     96.41
                all      0.43      0.00      1.90      1.18      0.00     96.49
                all      0.01      0.00      3.07      0.01      0.00     96.91
                all      0.02      0.00      3.02      0.00      0.00     96.96
                all      0.29      0.00      2.50      0.00      0.00     97.21
                all      0.02      0.00      0.07      0.00      0.00     99.90
end------
                all      0.08      0.00      0.34      0.00      0.00     99.58
                all      0.13      0.00      0.44      0.00      0.00     99.43
                all      0.11      0.00      0.46      0.07      0.00     99.36
start----
                all      0.17      0.00      2.09      0.02      0.00     97.73
                all      0.07      0.00      3.38      0.00      0.00     96.55
end------
                all      0.04      0.00      0.18      0.00      0.00     99.78
                all      0.13      0.00      0.53      0.00      0.00     99.34
                all      0.11      0.00      0.46      0.00      0.00     99.42
start----
                all      0.10      0.00      0.41      0.00      0.00     99.49
                all      0.53      0.00      4.88      0.02      0.00     94.58
                all      0.05      0.00      0.66      0.00      0.00     99.29
end------
                all      0.09      0.00      0.37      0.00      0.00     99.54
                all      0.12      0.00      0.45      0.00      0.00     99.43
                all      0.11      0.00      0.45      0.00      0.00     99.43
start----
                all      0.16      0.00      2.10      0.01      0.00     97.73
                all      0.06      0.00      3.30      0.00      0.00     96.64
end------
                all      0.05      0.00      0.18      0.00      0.00     99.77
                all      0.11      0.00      0.45      0.00      0.00     99.44
                all      0.10      0.00      0.46      0.00      0.00     99.44
start----
                all      0.10      0.00      0.42      0.00      0.00     99.48
                all      0.14      0.00      5.28      0.02      0.00     94.56
                all      0.06      0.00      4.76      0.00      0.00     95.18
end------
                all      0.00      0.00      0.03      0.00      0.00     99.96
                all      0.10      0.00      0.45      0.00      0.00     99.44
                all      0.13      0.00      0.46      0.00      0.00     99.42
                all      0.11      0.00      0.45      0.00      0.00     99.44
start----
                all      0.18      0.00      3.86      0.02      0.00     95.94
                all      0.04      0.00      5.95      0.00      0.00     94.01
                all      0.04      0.00      0.30      0.00      0.00     99.65
end------
                all      0.09      0.00      0.36      0.00      0.00     99.56
                all      0.12      0.00      0.45      0.00      0.00     99.43
                all      0.11      0.00      0.45      0.07      0.00     99.37
start----
                all      0.18      0.00      2.47      0.02      0.00     97.33
                all      0.04      0.00      5.94      0.00      0.00     94.02
                all      0.05      0.00      1.89      0.00      0.00     98.05
end------
                all      0.06      0.00      0.24      0.00      0.00     99.70
                all      0.11      0.00      0.45      0.00      0.00     99.44
                all      0.12      0.00      0.45      0.07      0.00     99.36
start----
                all      0.18      0.00      1.05      0.02      0.00     98.75
                all      0.04      0.00      5.97      0.00      0.00     93.99
                all      0.26      0.00      6.16      0.00      0.00     93.58
                all      0.01      0.00      5.96      0.00      0.00     94.03
                all      0.13      0.00      1.63      0.00      0.00     98.23
end------
                all      0.05      0.00      0.19      0.00      0.00     99.76
                all      0.11      0.00      0.46      0.00      0.00     99.42
                all      0.11      0.00      0.45      0.00      0.00     99.44
start----
                all      0.10      0.00      0.45      0.02      0.00     99.43
                all      0.15      0.00      5.73      0.00      0.00     94.12
                all      0.36      0.00      6.05      0.00      0.00     93.59
                all      0.02      0.00      6.01      0.00      0.00     93.96
                all      0.12      0.00      2.70      0.00      0.00     97.17
end------
                all      0.02      0.00      0.10      0.00      0.00     99.88
                all      0.13      0.00      0.45      0.00      0.00     99.42
                all      0.12      0.00      0.45      0.00      0.00     99.43
start----
                all      0.21      0.00      0.54      0.01      0.00     99.25
                all      0.14      0.00      4.72      0.03      0.00     95.12
                all      0.04      0.00      6.32      0.00      0.00     93.63
                all      0.20      0.00      5.86      0.00      0.00     93.94
                all      0.13      0.00      3.63      0.00      0.00     96.23
end------
                all      0.03      0.00      0.15      0.00      0.00     99.81
                all      0.10      0.00      0.46      0.00      0.00     99.44
                all      0.11      0.00      0.45      0.00      0.00     99.44
start----
                all      0.10      0.00      0.42      0.00      0.00     99.47
                all      0.14      0.00      4.82      0.01      0.00     95.03
                all      0.04      0.00      6.32      0.00      0.00     93.63
                all      0.05      0.00      6.51      0.00      0.00     93.44
                all      0.06      0.00      3.21      3.25      0.00     93.48
                all      0.65      0.00      3.04      2.65      0.00     93.67
                all      0.01      0.00      6.00      0.00      0.00     93.99
                all      0.01      0.00      5.98      0.00      0.00     94.01
                all      0.23      0.00      4.92      0.00      0.00     94.85
                all      0.02      0.00      0.07      0.00      0.00     99.91
end------
                all      0.10      0.00      0.40      0.00      0.00     99.50
                all      0.11      0.00      0.45      0.00      0.00     99.44
                all      0.11      0.00      0.48      0.00      0.00     99.41
start----
                all      0.17      0.00      2.33      0.02      0.00     97.48
                all      0.03      0.00      6.06      0.00      0.00     93.91
                all      0.04      0.00      6.47      0.00      0.00     93.48
                all      0.05      0.00      5.33      1.19      0.00     93.43
                all      0.20      0.00      2.48      3.82      0.00     93.50
                all      2.14      0.00      3.74      0.43      0.00     93.69
                all      0.02      0.00      5.97      0.00      0.00     94.01
                all      0.01      0.00      5.97      0.00      0.00     94.01
                all      0.14      0.00      4.21      0.00      0.00     95.65
end------
                all      0.01      0.00      0.06      0.00      0.00     99.92
                all      0.10      0.00      0.42      0.00      0.00     99.47
                all      0.11      0.00      0.46      0.00      0.00     99.43
                all      0.11      0.00      0.45      0.00      0.00     99.44
start----
                all      0.15      0.00      3.24      0.02      0.00     96.59
                all      0.04      0.00      6.13      0.00      0.00     93.83
                all      0.04      0.00      6.45      0.02      0.00     93.49
                all      0.04      0.00      4.61      1.83      0.00     93.52
                all      0.47      0.00      2.79      3.06      0.00     93.68
                all      0.02      0.00      6.03      0.00      0.00     93.95
                all      0.02      0.00      5.99      0.00      0.00     93.99
                all      0.24      0.00      5.73      0.00      0.00     94.03
                all      0.02      0.00      0.07      0.01      0.00     99.90
end------
                all      0.07      0.00      0.32      0.00      0.00     99.61
                all      0.11      0.00      0.45      0.00      0.00     99.44
                all      0.11      0.00      0.46      0.00      0.00     99.43
start----
                all      0.30      0.00      2.81      0.03      0.00     96.87
                all      0.11      0.00      7.57      0.00      0.00     92.32
end------
                all      0.02      0.00      0.09      0.00      0.00     99.89
                all      0.17      0.00      0.55      0.01      0.00     99.27
                all      0.22      0.00      0.67      0.00      0.00     99.10
start----
                all      0.13      0.00      0.45      0.01      0.00     99.41
                all      0.38      0.00      9.19      0.11      0.00     90.32
                all      0.06      0.00      1.24      0.01      0.00     98.69
end------
                all      0.09      0.00      0.38      0.00      0.00     99.53
                all      0.13      0.00      0.46      0.00      0.00     99.41
                all      0.18      0.00      0.58      0.03      0.00     99.21
start----
                all      0.31      0.00      2.29      0.01      0.00     97.39
                all      0.11      0.00      8.15      0.01      0.00     91.73
end------
                all      0.02      0.00      0.11      0.00      0.00     99.86
                all      0.12      0.00      0.46      0.00      0.00     99.42
                all      0.12      0.00      0.45      0.07      0.00     99.36
                all      0.11      0.00      0.45      0.00      0.00     99.43
start----
                all      0.24      0.00      8.23      0.03      0.00     91.50
                all      0.10      0.00     11.45      0.00      0.00     88.45
                all      0.02      0.00      0.06      0.00      0.00     99.92
end------
                all      0.10      0.00      0.37      0.00      0.00     99.54
                all      0.11      0.00      0.46      0.00      0.00     99.44
                all      0.11      0.00      0.46      0.00      0.00     99.42
start----
                all      0.27      0.00      4.80      0.03      0.00     94.90
                all      0.10      0.00     11.80      0.00      0.00     88.10
                all      0.05      0.00      3.26      0.00      0.00     96.68
end------
                all      0.09      0.00      0.37      0.00      0.00     99.54
                all      0.12      0.00      0.45      0.00      0.00     99.43
                all      0.11      0.00      0.45      0.00      0.00     99.44
start----
                all      0.30      0.00      1.70      0.03      0.00     97.97
                all      0.20      0.00     11.69      0.00      0.00     88.12
                all      0.07      0.00      6.54      0.00      0.00     93.39
end------
                all      0.04      0.00      0.19      0.00      0.00     99.78
                all      0.11      0.00      0.45      0.00      0.00     99.44
                all      0.12      0.00      0.46      0.00      0.00     99.42
start----
                all      0.10      0.00      0.43      0.01      0.00     99.47
                all      0.25      0.00      9.81      0.01      0.00     89.92
                all      0.07      0.00     12.20      0.00      0.00     87.73
                all      0.02      0.00     11.90      0.00      0.00     88.09
                all      0.32      0.00      5.16      0.01      0.00     94.51
end------
                all      0.05      0.00      0.22      0.00      0.00     99.73
                all      0.11      0.00      0.45      0.00      0.00     99.44
                all      0.10      0.00      0.46      0.00      0.00     99.44
start----
                all      0.10      0.00      0.41      0.01      0.00     99.48
                all      0.25      0.00     10.79      0.01      0.00     88.94
                all      0.10      0.00     12.19      0.00      0.00     87.71
                all      0.02      0.00     11.87      0.00      0.00     88.12
                all      0.14      0.00      4.29      0.00      0.00     95.57
end------
                all      0.03      0.00      0.15      0.00      0.00     99.81
                all      0.12      0.00      0.44      0.00      0.00     99.44
                all      0.12      0.00      0.45      0.07      0.00     99.36
start----
                all      0.09      0.00      0.41      0.00      0.00     99.49
                all      0.26      0.00     10.14      0.03      0.00     89.57
                all      0.20      0.00     12.12      0.00      0.00     87.68
                all      0.02      0.00     11.92      0.00      0.00     88.05
                all      0.35      0.00      4.96      0.00      0.00     94.69
end------
                all      0.05      0.00      0.23      0.00      0.00     99.72
                all      0.13      0.00      0.44      0.00      0.00     99.43
                all      0.11      0.00      0.45      0.00      0.00     99.44
start----
                all      0.10      0.00      0.46      0.01      0.00     99.43
                all      0.23      0.00     11.24      0.02      0.00     88.51
                all      0.04      0.00     12.31      0.00      0.00     87.65
                all      0.04      0.00     12.39      0.00      0.00     87.57
                all      1.52      0.00      8.73      1.98      0.00     87.78
                all      0.02      0.00     11.89      0.00      0.00     88.09
                all      0.01      0.00     11.88      0.00      0.00     88.11
                all      0.16      0.00      9.60      0.00      0.00     90.24
end------
                all      0.01      0.00      0.04      0.00      0.00     99.95
                all      0.12      0.00      0.45      0.00      0.00     99.43
                all      0.11      0.00      0.45      0.00      0.00     99.44
                all      0.12      0.00      0.45      0.00      0.00     99.44
start----
                all      0.27      0.00      7.11      0.03      0.00     92.59
                all      0.05      0.00     12.15      0.00      0.00     87.79
                all      0.04      0.00     12.37      0.00      0.00     87.59
                all      1.14      0.00      8.99      2.30      0.00     87.57
                all      0.17      0.00     11.76      0.00      0.00     88.07
                all      0.02      0.00     11.87      0.00      0.00     88.11
                all      0.01      0.00     11.88      0.00      0.00     88.11
                all      0.20      0.00      1.95      0.00      0.00     97.85
end------
                all      0.05      0.00      0.24      0.00      0.00     99.71
                all      0.12      0.00      0.45      0.00      0.00     99.44
                all      0.11      0.00      0.46      0.07      0.00     99.36
start----
                all      0.20      0.00      0.87      0.03      0.00     98.91
                all      0.20      0.00     11.59      0.00      0.00     88.20
                all      0.04      0.00     12.38      0.00      0.00     87.58
                all      0.04      0.00     12.43      0.00      0.00     87.53
                all      0.65      0.00      9.20      2.28      0.00     87.87
                all      0.04      0.00     11.97      0.00      0.00     87.99
                all      0.02      0.00     11.87      0.00      0.00     88.11
                all      0.22      0.00      7.70      0.00      0.00     92.07
end------
                all      0.00      0.00      0.04      0.00      0.00     99.96
                all      0.11      0.00      0.44      0.00      0.00     99.45
                all      0.13      0.00      0.44      0.00      0.00     99.43
                all      0.12      0.00      0.44      0.00      0.00     99.44
start----
                all      0.81      0.00     11.49      0.04      0.00     87.66
                all      0.13      0.00      9.35      0.00      0.00     90.51
end------
                all      0.06      0.00      0.22      0.00      0.00     99.72
                all      0.11      0.00      0.45      0.00      0.00     99.44
                all      0.11      0.00      0.45      0.00      0.00     99.44
start----
                all      0.12      0.00      0.73      0.04      0.00     99.11
                all      0.86      0.00     20.69      0.07      0.00     78.37
                all      0.02      0.00      0.05      0.00      0.00     99.92
end------
                all      0.10      0.00      0.41      0.00      0.00     99.49
                all      0.11      0.00      0.45      0.00      0.00     99.44
                all      0.12      0.00      0.46      0.00      0.00     99.42
start----
                all      0.61      0.00      8.95      0.05      0.00     90.39
                all      0.27      0.00     11.96      0.00      0.00     87.77
end------
                all      0.04      0.00      0.16      0.00      0.00     99.80
                all      0.12      0.00      0.44      0.00      0.00     99.44
                all      0.12      0.00      0.45      0.00      0.00     99.43
start----
                all      0.11      0.00      0.40      0.01      0.00     99.48
                all      0.55      0.00     19.95      0.04      0.00     79.46
                all      0.27      0.00     18.95      0.00      0.00     80.77
end------
                all      0.01      0.00      0.03      0.01      0.00     99.96
                all      0.12      0.00      0.45      0.00      0.00     99.44
                all      0.11      0.00      0.45      0.10      0.00     99.34
                all      0.11      0.00      0.46      0.05      0.00     99.38
start----
                all      0.54      0.00     12.51      0.04      0.00     86.90
                all      0.15      0.00     23.56      0.00      0.00     76.29
                all      0.15      0.00      3.32      0.00      0.00     96.53
end------
                all      0.07      0.00      0.31      0.00      0.00     99.61
                all      0.12      0.00      0.45      0.00      0.00     99.44
                all      0.12      0.00      0.44      0.07      0.00     99.37
start----
                all      0.63      0.00      4.47      0.04      0.00     94.85
                all      0.15      0.00     23.55      0.00      0.00     76.30
                all      0.14      0.00     11.31      0.00      0.00     88.54
end------
                all      0.04      0.00      0.16      0.00      0.00     99.80
                all      0.13      0.00      0.44      0.00      0.00     99.44
                all      0.12      0.00      0.44      0.00      0.00     99.44
start----
                all      0.11      0.00      0.40      0.01      0.00     99.49
                all      0.58      0.00     20.15      0.07      0.00     79.19
                all      0.66      0.00     23.37      0.00      0.00     75.97
                all      0.03      0.00     23.71      0.00      0.00     76.26
                all      0.28      0.00      9.88      0.00      0.00     89.84
end------
                all      0.03      0.00      0.12      0.00      0.00     99.85
                all      0.11      0.00      0.45      0.00      0.00     99.44
                all      0.13      0.00      0.44      0.07      0.00     99.36
start----
                all      0.11      0.00      0.41      0.00      0.00     99.47
                all      0.63      0.00     17.10      0.05      0.00     82.23
                all      0.57      0.00     23.50      0.00      0.00     75.93
                all      0.01      0.00     23.73      0.00      0.00     76.26
                all      0.26      0.00     12.62      0.00      0.00     87.12
end------
                all      0.01      0.00      0.06      0.00      0.00     99.93
                all      0.12      0.00      0.44      0.00      0.00     99.44
                all      0.11      0.00      0.47      0.00      0.00     99.42
                all      0.12      0.00      0.45      0.00      0.00     99.43
start----
                all      0.60      0.00     14.21      0.05      0.00     85.14
                all      0.07      0.00     24.07      0.00      0.00     75.86
                all      0.60      0.00     23.09      0.00      0.00     76.30
                all      0.33      0.00     16.24      0.01      0.00     83.42
end------
                all      0.01      0.00      0.05      0.00      0.00     99.94
                all      0.13      0.00      0.44      0.00      0.00     99.43
                all      0.12      0.00      0.45      0.07      0.00     99.36
                all      0.11      0.00      0.45      0.00      0.00     99.44
start----
                all      0.63      0.00     13.93      0.04      0.00     85.40
                all      0.04      0.00     23.97      0.00      0.00     75.99
                all      0.04      0.00     24.19      0.00      0.00     75.77
                all      1.39      0.00     22.69      0.00      0.00     75.92
                all      0.01      0.00     23.73      0.00      0.00     76.26
                all      0.02      0.00     23.70      0.00      0.00     76.28
                all      0.37      0.00     21.75      0.00      0.00     77.88
end------
                all      0.02      0.00      0.05      0.00      0.00     99.93
                all      0.11      0.00      0.41      0.00      0.00     99.48
                all      0.13      0.00      0.44      0.00      0.00     99.44
                all      0.13      0.00      0.45      0.00      0.00     99.42
start----
                all      0.61      0.00     10.13      0.04      0.00     89.23
                all      0.05      0.00     23.89      0.00      0.00     76.06
                all      0.04      0.00     24.22      0.00      0.00     75.74
                all      1.43      0.00     22.83      0.00      0.00     75.74
                all      0.02      0.00     23.75      0.00      0.00     76.24
                all      0.01      0.00     23.69      0.00      0.00     76.29
                all      0.02      0.00     23.69      0.00      0.00     76.30
                all      0.38      0.00      1.47      0.01      0.00     98.14
end------
                all      0.09      0.00      0.33      0.00      0.00     99.58
                all      0.13      0.00      0.45      0.00      0.00     99.42
                all      0.13      0.00      0.44      0.07      0.00     99.36
start----
                all      0.63      0.00      5.97      0.04      0.00     93.35
                all      0.05      0.00     23.79      0.00      0.00     76.16
                all      0.04      0.00     24.20      0.00      0.00     75.75
                all      0.04      0.00     24.22      0.00      0.00     75.73
                all      1.49      0.00     22.33      0.00      0.00     76.19
                all      0.01      0.00     23.69      0.00      0.00     76.30
                all      0.02      0.00     23.68      0.00      0.00     76.30
                all      0.39      0.00      5.62      0.00      0.00     93.99
end------
                all      0.07      0.00      0.27      0.00      0.00     99.66
                all      0.14      0.00      0.42      0.00      0.00     99.44
                all      0.14      0.00      0.43      0.07      0.00     99.36
start----
                all      0.39      0.00      3.53      0.07      0.00     96.01
                all      1.80      0.00     41.72      0.03      0.00     56.45
                all      0.58      0.00     11.55      0.00      0.00     87.88
end------
                all      0.06      0.00      0.24      0.00      0.00     99.71
                all      0.14      0.00      0.43      0.00      0.00     99.44
                all      0.14      0.00      0.43      0.07      0.00     99.36
start----
                all      0.34      0.00      3.36      0.03      0.00     96.27
                all      1.95      0.00     39.61      0.05      0.00     58.38
                all      0.54      0.00     13.81      0.00      0.00     85.65
end------
                all      0.06      0.00      0.21      0.00      0.00     99.73
                all      0.13      0.00      0.44      0.00      0.00     99.43
                all      0.14      0.00      0.42      0.07      0.00     99.37
start----
                all      0.23      0.00      1.64      0.04      0.00     98.09
                all      2.35      0.00     38.03      0.04      0.00     59.58
                all      0.53      0.00     17.41      0.00      0.00     82.05
end------
                all      0.06      0.00      0.20      0.00      0.00     99.74
                all      0.14      0.00      0.43      0.00      0.00     99.44
                all      0.13      0.00      0.45      0.00      0.00     99.41
start----
                all      0.12      0.00      0.38      0.00      0.00     99.50
                all      2.00      0.00     36.54      0.07      0.00     61.39
                all      0.41      0.00     46.15      0.00      0.00     53.44
                all      0.58      0.00     21.44      0.00      0.00     77.98
end------
                all      0.03      0.00      0.13      0.00      0.00     99.85
                all      0.12      0.00      0.45      0.00      0.00     99.43
                all      0.13      0.00      0.43      0.07      0.00     99.37
start----
                all      0.12      0.00      0.41      0.00      0.00     99.47
                all      1.94      0.00     31.66      0.10      0.00     66.30
                all      0.45      0.00     46.13      0.00      0.00     53.42
                all      0.60      0.00     25.77      0.00      0.00     73.63
end------
                all      0.03      0.00      0.13      0.00      0.00     99.83
                all      0.12      0.00      0.44      0.00      0.00     99.44
                all      0.13      0.00      0.44      0.00      0.00     99.43
start----
                all      0.12      0.00      0.44      0.00      0.00     99.44
                all      1.94      0.00     26.53      0.14      0.00     71.39
                all      0.44      0.00     46.28      0.00      0.00     53.29
                all      0.54      0.00     32.25      0.00      0.00     67.21
                all      0.02      0.00      0.05      0.00      0.00     99.93
end------
                all      0.12      0.00      0.40      0.00      0.00     99.47
                all      0.13      0.00      0.43      0.00      0.00     99.44
                all      0.14      0.00      0.43      0.00      0.00     99.43
start----
                all      2.05      0.00     12.33      0.05      0.00     85.57
                all      0.04      0.00     47.26      0.00      0.00     52.70
                all      0.43      0.00     46.27      0.06      0.00     53.24
                all      0.02      0.00     46.25      0.02      0.00     53.71
                all      1.23      0.00     44.92      0.00      0.00     53.85
                all      0.04      0.00      1.34      0.00      0.00     98.62
end------
                all      0.07      0.00      0.26      0.00      0.00     99.67
                all      0.14      0.00      0.44      0.00      0.00     99.42
                all      0.13      0.00      0.44      0.00      0.00     99.43
start----
                all      0.39      0.00      3.50      0.04      0.00     96.07
                all      1.77      0.00     39.96      0.04      0.00     58.22
                all      0.05      0.00     47.60      0.01      0.00     52.35
                all      0.47      0.00     45.03      0.03      0.00     54.48
                all      0.02      0.00     46.22      0.00      0.00     53.76
                all      1.47      0.00     15.32      0.00      0.00     83.20
end------
                all      0.03      0.00      0.11      0.00      0.00     99.86
                all      0.14      0.00      0.43      0.00      0.00     99.43
                all      0.13      0.00      0.44      0.00      0.00     99.42
start----
                all      0.14      0.00      0.40      0.00      0.00     99.46
                all      1.98      0.00     29.61      0.10      0.00     68.30
                all      0.06      0.00     47.45      0.00      0.00     52.49
                all      0.48      0.00     44.85      0.03      0.00     54.64
                all      0.09      0.00     46.18      0.00      0.00     53.73
                all      1.64      0.00     27.42      0.00      0.00     70.94
end------
                all      0.02      0.00      0.07      0.00      0.00     99.91
                all      0.14      0.00      0.44      0.00      0.00     99.42
                all      0.14      0.00      0.42      0.00      0.00     99.43
                all      0.14      0.00      0.44      0.00      0.00     99.42
start----
                all      1.65      0.00     26.07      0.11      0.00     72.17
                all      0.04      0.00     47.43      0.00      0.00     52.53
                all      0.06      0.00     47.79      0.01      0.00     52.15
                all      0.04      0.00     47.84      0.00      0.00     52.12
                all      0.48      0.00     45.39      0.01      0.00     54.13
                all      0.02      0.00     46.21      0.00      0.00     53.77
                all      0.02      0.00     46.22      0.00      0.00     53.76
                all      0.02      0.00     46.17      0.00      0.00     53.82
                all      1.65      0.00     37.12      0.00      0.00     61.22
                all      0.03      0.00      0.07      0.00      0.00     99.90
end------
                all      0.10      0.00      0.33      0.00      0.00     99.57
                all      0.14      0.00      0.43      0.00      0.00     99.43
